city,date,fare,ride_id
Lake Jonathanshire,1/14/19 10:14,13.83,5.73941E+12
South Michelleport,3/4/19 18:24,30.24,2.34391E+12
Port Samanthamouth,2/24/19 4:29,33.44,2.00507E+12
Rodneyfort,2/10/19 23:22,23.44,5.14925E+12
South Jack,3/6/19 4:28,34.58,3.90845E+12
South Latoya,3/11/19 12:26,9.52,1.995E+12
New Paulville,2/27/19 11:17,43.25,7.93208E+11
Simpsonburgh,4/26/19 0:43,35.98,1.11954E+11
South Karenland,1/8/19 3:28,35.09,7.99562E+12
North Jasmine,3/9/19 6:26,42.81,5.32764E+12
New Kimberlyborough,2/7/19 1:10,9.34,7.99278E+12
West Angela,1/12/19 1:45,26.86,4.82005E+12
Rodneyfort,3/2/19 18:03,44.26,2.49406E+12
West Angela,1/10/19 12:17,12.74,2.10872E+12
Roberthaven,5/4/19 14:48,25.66,1.0262E+12
North Jason,3/28/19 22:28,9.19,7.00702E+12
Williamsview,1/3/19 16:19,18.93,1.97949E+12
Leahton,2/26/19 18:42,8.85,6.96667E+12
West Anthony,3/6/19 2:27,10.02,9.39676E+12
New Kimberlyborough,4/25/19 22:58,29.67,4.82357E+12
Roberthaven,2/24/19 10:26,7.8,2.18057E+12
New Paulton,5/1/19 3:12,8.28,8.5271E+12
West Patrickchester,3/19/19 5:46,40.86,8.98889E+11
Deanville,4/25/19 3:29,41.52,6.05593E+12
West Josephberg,2/19/19 16:22,36.39,3.32213E+12
West Samuelburgh,5/3/19 14:33,41.12,7.33084E+12
West Heidi,3/14/19 23:46,24.4,4.90857E+12
Loganberg,4/1/19 1:06,8.23,6.78729E+11
Huntermouth,2/10/19 23:32,25.79,1.88038E+12
South Latoya,1/11/19 18:44,27.41,8.6623E+12
New Paulville,3/18/19 22:54,25.05,5.0318E+12
Grahamburgh,1/15/19 11:44,40.69,3.07021E+11
Port Frank,2/2/19 14:14,41.47,6.74661E+12
East Kaylahaven,2/28/19 4:13,25.96,3.66252E+12
Rodneyfort,2/3/19 0:48,44.86,2.3257E+12
South Karenland,2/12/19 6:52,36.01,4.01593E+12
West Robert,2/15/19 4:21,12.28,1.4425E+12
North Markport,2/18/19 8:17,38.09,9.25013E+11
Williamsview,3/12/19 6:47,8.35,1.94044E+12
Richardfort,2/24/19 8:40,13.93,5.62855E+12
New Kimberlyborough,3/14/19 16:47,27.9,6.7508E+12
Reynoldsfurt,3/25/19 14:33,34.06,6.60442E+12
South Karenland,5/8/19 2:31,41.33,5.68892E+12
Rodneyfort,4/25/19 20:57,21.7,8.5346E+12
Justinberg,4/23/19 8:59,14.65,9.87823E+12
West Josephberg,3/5/19 3:27,12.91,1.02685E+11
South Karenland,3/3/19 14:48,37.3,4.104E+12
Leahton,5/5/19 10:34,17.05,5.84659E+12
Martinezhaven,3/19/19 15:31,5.3,2.64338E+11
North Jason,3/3/19 2:13,28.02,2.67055E+12
Jerryton,3/3/19 17:50,28.08,6.00341E+12
Lake Scottton,2/18/19 9:22,25.02,3.90934E+12
South Evanton,2/14/19 5:55,42.5,9.95366E+12
Rogerston,5/8/19 1:54,32.69,1.64341E+12
West Samuelburgh,5/2/19 13:55,38.77,2.93169E+12
West Ericstad,4/24/19 3:20,7.31,4.29248E+12
New Paulville,3/10/19 10:45,4.43,1.21392E+12
Hurleymouth,5/4/19 21:50,21.44,4.03966E+12
West Samuelburgh,3/3/19 3:17,25.17,1.78175E+12
Joneschester,3/1/19 18:48,34.71,3.34326E+12
New Paulville,4/3/19 7:51,32.7,9.56256E+12
Simpsonburgh,1/19/19 23:06,15.83,2.33191E+11
Port Angela,4/17/19 6:23,16.34,7.12053E+12
West Ericstad,4/4/19 13:03,28.52,6.43285E+12
New Kimberlyborough,3/16/19 1:38,17.19,2.77047E+12
Joneschester,1/30/19 17:41,36.78,1.66403E+12
North Markport,4/26/19 4:45,44.37,1.62842E+12
Hurleymouth,3/22/19 11:19,32.85,8.44929E+12
Barajasview,1/15/19 2:59,19.52,8.26811E+12
Grahamburgh,4/6/19 13:48,23.87,1.46825E+12
South Michelleport,3/2/19 9:54,33.12,8.13844E+11
Loganberg,1/7/19 19:02,16.26,9.04538E+12
West Christopherberg,3/18/19 17:14,12.64,1.06109E+12
Rogerston,2/23/19 19:13,14.04,7.64714E+12
Huntermouth,2/24/19 7:57,39.12,9.28039E+11
New Jacobville,2/9/19 2:17,7.11,3.85505E+12
Lake Jonathanshire,4/7/19 20:51,31.25,4.44125E+12
Port David,3/17/19 14:42,33.11,1.02568E+12
Martinezhaven,2/20/19 19:32,13.34,2.76069E+12
Port Frank,4/19/19 19:35,26.47,6.72271E+12
Valentineton,3/2/19 14:44,39.77,6.77039E+12
Hurleymouth,3/3/19 11:28,36.31,1.67035E+11
Carriemouth,2/25/19 8:26,32.37,6.91843E+12
Port Samanthamouth,4/16/19 18:34,9.2,8.71225E+12
Williamsstad,1/23/19 17:51,19.62,1.25986E+11
Royland,1/7/19 2:23,24.5,3.62085E+12
New Jacobville,1/5/19 5:02,34.11,2.82852E+12
Roberthaven,3/6/19 22:56,12.38,3.37296E+12
South Evanton,1/7/19 18:47,43.61,9.1225E+12
New Paulton,5/3/19 12:09,21.67,9.08656E+12
Karenberg,3/11/19 17:26,36.15,7.79676E+12
Rodneyfort,1/30/19 12:34,16.99,5.77873E+12
East Kaylahaven,4/4/19 2:35,23.18,57422927996
Huntermouth,2/19/19 3:19,7.05,1.61652E+12
Barajasview,1/23/19 13:23,37.68,4.10845E+12
Williamsstad,3/29/19 21:43,35.58,4.74778E+12
North Jason,3/8/19 20:06,25.21,3.18008E+12
Christopherfurt,4/17/19 2:25,23.3,7.81906E+12
Liumouth,1/11/19 17:15,36.78,1.46452E+12
Johnton,1/17/19 2:12,32.19,8.5263E+12
West Angela,3/8/19 1:08,41.06,6.20487E+12
Jerryton,1/4/19 16:38,37.2,5.63787E+12
Erikaland,2/18/19 7:47,20.62,3.29415E+12
North Jason,2/7/19 7:27,20,4.7365E+11
Lake Scottton,5/5/19 11:21,18.77,4.05382E+11
Simpsonburgh,3/22/19 8:56,22.05,3.49518E+12
Raymondhaven,3/12/19 6:59,16.98,6.4477E+12
West Robert,4/5/19 3:18,44.58,4.24601E+12
North Jason,3/18/19 10:10,6.41,2.86583E+12
Port Samanthamouth,1/23/19 9:08,35.51,3.11686E+12
West Robert,1/21/19 17:21,27.11,1.36991E+12
Jerryton,1/5/19 15:36,37.91,1.58708E+12
Port Samanthamouth,2/3/19 7:07,18.03,9.29219E+12
Liumouth,1/15/19 7:55,14.55,4.37935E+12
West Heidi,4/3/19 3:16,24.76,1.82023E+12
Loganberg,1/21/19 16:26,22.86,1.9543E+12
Grahamburgh,2/17/19 9:54,30.25,4.04793E+12
Raymondhaven,5/6/19 23:22,25.76,8.72102E+12
Karenside,1/25/19 15:35,14.52,2.65236E+12
Port Frank,4/6/19 21:38,18.08,5.47489E+12
Leahton,4/2/19 17:39,22.76,5.80873E+12
Port Samanthamouth,4/22/19 3:32,29.67,3.15406E+12
Jerryton,4/13/19 21:47,32.08,8.49918E+12
West Patrickchester,3/7/19 15:47,23.66,3.06609E+12
West Samuelburgh,3/3/19 16:07,27.48,1.00531E+11
North Markport,3/31/19 13:58,29.41,3.09347E+12
West Angela,3/10/19 11:23,27.1,1.36532E+12
Grahamburgh,3/12/19 2:44,22.97,4.89801E+12
South Michelleport,1/8/19 9:38,23.77,4.91616E+12
East Kaylahaven,4/2/19 7:05,9.67,2.08846E+12
South Karenland,4/22/19 21:37,22.86,6.72815E+12
Lake Danielberg,2/24/19 12:05,9.63,9.14933E+12
Justinberg,4/26/19 8:41,8.83,1.82309E+12
Karenberg,4/29/19 20:54,28.41,9.05285E+12
South Phillip,2/9/19 16:46,7.89,3.20319E+12
North Madeline,4/5/19 18:23,29.69,2.40703E+11
New Kimberlyborough,5/1/19 13:56,22.59,9.25093E+12
South Jack,4/24/19 19:33,38.04,2.19799E+12
Erikaland,3/11/19 2:19,27.39,1.32014E+11
New Paulville,3/27/19 2:18,7.29,7.04676E+12
Hurleymouth,3/26/19 20:22,41.15,4.70726E+12
Liumouth,4/12/19 3:38,43.34,7.85723E+12
Deanville,5/1/19 21:53,8.28,5.92955E+11
Karenside,4/2/19 19:22,41.93,4.09361E+12
West Angela,1/30/19 18:08,19.13,2.07814E+12
Liumouth,2/1/19 20:17,24.81,5.47007E+12
Jerryton,3/27/19 12:48,13.29,8.95984E+12
South Phillip,5/4/19 9:10,28.3,8.69657E+12
Port Johnbury,4/27/19 16:22,25.67,2.74633E+12
Raymondhaven,2/8/19 23:57,5.7,3.93003E+12
Port David,3/7/19 18:37,42.04,9.90596E+12
Robertport,3/6/19 9:51,6.73,9.67976E+12
Loganberg,3/16/19 11:46,23.99,9.4929E+12
Karenside,4/19/19 10:17,36.01,1.32274E+12
Lake Jonathanshire,3/9/19 23:45,19.89,2.3895E+12
Pattyland,1/30/19 12:35,8.57,4.68889E+12
West Robert,4/13/19 6:56,32.94,9.60361E+12
Justinberg,4/12/19 5:27,17.03,8.37476E+12
West Josephberg,2/9/19 14:07,4.42,8.30379E+12
North Markport,1/21/19 11:49,27.68,4.55676E+12
Williamsview,1/9/19 15:24,44.46,2.19553E+12
Raymondhaven,2/1/19 5:51,13.86,8.72105E+12
South Latoya,2/12/19 16:32,30.22,7.38842E+12
Deanville,3/29/19 4:07,5.32,2.61267E+12
Amandaburgh,3/5/19 2:15,26.28,9.06851E+11
Jerryton,1/27/19 14:46,29.08,6.16053E+12
Deanville,3/24/19 0:26,30.55,5.27611E+12
West Anthony,1/23/19 12:32,23.24,5.96601E+11
West Anthony,2/24/19 6:14,39.2,8.49141E+12
West Heidi,3/30/19 10:46,22.41,1.71135E+12
Royland,1/1/19 3:46,7.57,5.81538E+12
South Latoya,3/2/19 6:06,10.35,3.38289E+11
Johnton,1/8/19 17:33,43.75,1.95319E+11
West Angela,1/30/19 18:46,32.31,7.28868E+12
Rodneyfort,1/8/19 0:29,29.4,1.18425E+12
Royland,1/2/19 20:08,10.19,6.68201E+11
New Paulville,1/31/19 5:32,20.8,1.09284E+12
Huntermouth,4/9/19 20:23,35.11,3.00561E+12
New Paulville,1/30/19 15:21,7.02,8.50496E+12
Justinberg,5/3/19 2:49,36.06,9.29542E+11
Port Angela,3/31/19 15:22,30.77,6.62264E+11
Port Angela,4/9/19 14:34,11.9,7.00981E+12
Christopherfurt,1/5/19 22:21,33.51,1.90103E+12
South Michelleport,4/22/19 3:15,43.62,4.66361E+12
Williamsstad,2/13/19 20:07,33.72,3.79671E+12
Lake Jonathanshire,4/7/19 18:09,24.28,7.79681E+12
Robertport,3/20/19 19:11,20.21,9.63092E+12
Port Angela,2/8/19 16:30,30.38,5.16554E+12
Barajasview,2/8/19 18:07,24.49,2.61217E+12
South Evanton,1/24/19 7:08,17.83,2.99666E+12
Lake Danielberg,2/13/19 11:01,43.96,1.00024E+11
Royland,4/19/19 0:05,25.4,9.84776E+12
Rodneyfort,2/8/19 7:35,30.02,2.49702E+12
East Kaylahaven,1/17/19 10:15,40.82,6.34249E+12
West Christopherberg,1/17/19 14:30,9.04,5.15485E+12
New Jacobville,1/15/19 15:27,27.24,3.81296E+12
Lake Jonathanshire,1/2/19 14:14,13.89,4.24255E+11
Port Samanthamouth,4/25/19 9:50,25.5,1.16913E+12
West Heidi,3/26/19 9:45,22.33,8.26311E+11
Karenside,4/14/19 5:11,13.13,3.65961E+12
Valentineton,2/1/19 14:11,9.68,2.1321E+12
Raymondhaven,2/23/19 11:13,4.24,2.94151E+11
Carriemouth,3/11/19 21:35,16.78,1.51939E+12
West Josephberg,1/16/19 16:17,7.04,2.50708E+12
Port Samanthamouth,3/1/19 8:58,43.25,1.38918E+12
Karenberg,3/30/19 11:38,24.64,4.53933E+12
New Paulton,3/10/19 1:07,28,1.06716E+12
Joneschester,2/7/19 18:36,6.34,2.60546E+12
North Jasmine,2/8/19 19:03,4.86,1.27663E+12
Valentineton,2/27/19 0:40,25.4,6.15236E+12
New Paulton,2/20/19 16:59,24.29,7.73813E+12
South Evanton,4/28/19 8:15,22.86,7.58536E+12
North Jasmine,1/22/19 17:25,31.68,7.12302E+11
West Anthony,3/17/19 0:30,35.42,4.56132E+12
Jerryton,4/29/19 2:49,41.27,9.02958E+11
Grahamburgh,1/9/19 7:00,13.55,5.4626E+12
South Jack,3/30/19 20:21,4.2,4.81767E+12
West Christopherberg,1/23/19 21:23,30.93,5.33568E+12
Lake Scottton,3/26/19 0:49,9.79,1.8279E+12
West Patrickchester,1/14/19 1:15,24.82,5.93494E+12
Royland,1/17/19 14:08,27.92,3.14727E+12
South Karenland,2/14/19 14:00,39.53,2.86164E+12
Erikaland,3/27/19 13:11,36.52,2.19595E+12
Rodneyfort,3/20/19 10:40,42.57,6.35495E+12
Williamsstad,5/1/19 1:26,26.81,4.54295E+12
Richardfort,2/13/19 12:46,14,9.1005E+11
West Ericstad,1/25/19 12:29,20.03,3.27648E+12
Grahamburgh,3/5/19 5:39,4.33,8.03729E+11
North Barbara,5/4/19 2:33,24.09,9.27509E+12
West Robert,1/4/19 6:10,35.35,9.55429E+12
Justinberg,3/14/19 10:46,36.32,6.77169E+12
South Michelleport,3/3/19 16:13,41.62,2.33978E+12
North Jasmine,2/22/19 1:56,25.33,1.31997E+12
Barajasview,3/1/19 11:06,28.25,7.22583E+12
Carriemouth,4/4/19 13:22,12.91,4.27669E+12
Amandaburgh,2/24/19 23:10,43.66,6.57382E+12
Johnton,3/27/19 0:10,18.89,3.63407E+12
Port Angela,3/4/19 3:26,40.35,4.93081E+12
Rodneyfort,5/6/19 22:21,27.16,3.7655E+12
Amandaburgh,2/10/19 20:42,36.17,6.45562E+12
North Madeline,2/25/19 4:32,13.58,4.93284E+12
West Angela,3/1/19 11:13,30.3,9.67353E+12
Joneschester,1/3/19 5:45,25.47,5.54018E+12
Joneschester,1/3/19 1:03,17.97,5.43931E+12
South Phillip,1/29/19 11:26,35.23,7.41823E+12
Liumouth,3/30/19 3:13,4.66,3.16444E+12
West Anthony,1/10/19 2:31,32.34,1.47932E+12
North Jason,2/26/19 11:57,13.88,2.49498E+12
North Jason,3/21/19 9:45,10.42,6.60154E+12
Carriemouth,4/28/19 14:28,11.46,6.99185E+12
Huntermouth,5/4/19 15:20,36.77,7.18662E+12
South Phillip,4/18/19 6:03,39.95,9.71902E+12
South Jack,2/1/19 22:32,28.37,3.37201E+12
Port Johnbury,5/5/19 6:26,25.3,2.54102E+12
South Phillip,5/6/19 5:05,43.43,2.4352E+12
North Jasmine,4/10/19 11:45,38.24,2.955E+12
South Michelleport,1/27/19 19:38,15.45,7.46526E+12
North Madeline,4/7/19 8:54,32.99,1.81935E+12
Christopherfurt,2/24/19 2:56,40.33,9.58419E+12
Williamsstad,2/23/19 17:42,4.68,9.10997E+12
Martinezhaven,4/18/19 1:40,34.7,2.02309E+12
Simpsonburgh,4/3/19 8:47,4.74,8.55633E+12
New Jacobville,2/4/19 4:57,27.63,4.32915E+12
South Karenland,2/12/19 3:42,5.78,8.89044E+12
Royland,1/27/19 1:01,24.56,9.65671E+12
Karenside,1/22/19 13:11,24.72,5.32673E+12
West Robert,5/5/19 5:18,10.15,9.39218E+12
Port Samanthamouth,4/27/19 8:48,12.84,5.65991E+12
West Samuelburgh,3/7/19 1:51,14.55,7.16036E+12
New Kimberlyborough,3/29/19 20:35,42.51,8.29694E+12
Port David,3/27/19 11:56,15.64,5.33848E+12
Karenside,3/18/19 12:48,36.96,7.60514E+12
New Paulton,2/8/19 17:11,39.65,8.50596E+12
West Ericstad,1/8/19 9:03,32.99,6.68834E+12
Port Johnbury,3/21/19 2:20,32.8,5.45093E+12
Port Samanthamouth,3/27/19 0:31,16.05,1.41228E+12
Port Frank,1/8/19 23:51,42.13,2.09916E+12
Lake Jonathanshire,4/6/19 11:30,16.84,6.16445E+12
West Angela,2/5/19 18:53,36.37,7.83243E+12
Port Samanthamouth,3/27/19 1:08,21.46,9.99154E+12
North Madeline,3/4/19 17:20,21.38,9.54449E+12
Williamsview,1/15/19 0:10,44.33,4.62703E+12
Grahamburgh,2/21/19 6:55,22.65,8.16396E+11
South Evanton,3/6/19 3:56,30.87,5.81192E+12
Loganberg,3/27/19 13:32,4.72,6.12069E+12
Carriemouth,2/21/19 16:38,44.18,4.52859E+12
Port David,1/2/19 11:51,7.45,6.14835E+12
West Heidi,1/30/19 12:59,30.84,8.93656E+12
Williamsstad,3/5/19 2:33,25.02,1.31321E+12
North Barbara,2/4/19 8:12,42.59,4.97125E+12
Lake Danielberg,3/17/19 19:23,10.18,4.7144E+12
North Markport,4/13/19 7:37,20.09,4.31121E+12
Port Angela,5/2/19 4:14,35.76,7.94596E+12
Port Samanthamouth,3/15/19 15:08,25.97,7.72596E+12
West Angela,5/3/19 9:04,24.07,7.80819E+12
Leahton,2/21/19 20:37,24.13,6.75967E+12
North Markport,4/28/19 4:34,40.46,2.56789E+12
Karenside,3/9/19 3:50,40.86,1.75754E+12
Jerryton,1/7/19 12:05,7.86,7.0733E+11
South Michelleport,4/14/19 1:20,37.93,1.53327E+12
Valentineton,3/25/19 20:45,22.53,2.33505E+12
East Kaylahaven,4/9/19 16:57,10.03,8.03681E+12
Erikaland,4/13/19 12:26,25.22,4.84717E+12
West Christopherberg,1/8/19 8:25,37.78,8.76706E+12
Pattyland,2/1/19 22:43,32.03,2.85024E+12
Deanville,2/8/19 23:33,21.22,4.78681E+12
West Christopherberg,3/21/19 0:14,43.87,5.08548E+12
Justinberg,3/23/19 6:28,30.58,3.5033E+12
Lake Danielberg,2/24/19 19:34,34.82,2.44227E+12
Port Samanthamouth,1/30/19 1:19,38.78,6.11983E+12
Lake Danielberg,2/28/19 15:08,44.96,6.31959E+12
Deanville,4/15/19 1:36,24.3,1.0653E+12
Pattyland,2/15/19 15:13,44.03,1.55666E+12
Karenside,1/27/19 8:52,7.65,4.7323E+11
Port Angela,4/22/19 16:43,7.91,6.76731E+12
West Angela,4/14/19 18:40,32.77,4.99573E+12
South Karenland,3/26/19 6:12,35.5,1.48239E+12
New Jacobville,2/18/19 21:09,39.97,8.0287E+12
Roberthaven,3/14/19 16:12,36.84,4.12341E+12
Lake Scottton,4/24/19 11:54,5.31,9.66834E+12
Amandaburgh,1/11/19 2:22,29.24,7.2799E+12
Reynoldsfurt,5/5/19 17:38,14.95,1.40473E+12
West Patrickchester,2/9/19 5:54,16.1,9.11233E+12
Christopherfurt,4/13/19 8:29,37.22,3.28805E+12
South Evanton,4/27/19 0:58,27.78,9.37758E+12
Lake Scottton,2/7/19 5:08,10.76,4.20125E+12
Roberthaven,3/14/19 15:24,35.27,4.03456E+12
Rodneyfort,3/4/19 15:13,28.69,2.75698E+11
West Josephberg,2/17/19 6:28,41.49,2.82133E+12
Lake Jonathanshire,3/21/19 0:18,37.95,8.35366E+12
Simpsonburgh,2/5/19 16:02,25.58,2.0387E+12
West Heidi,3/19/19 3:15,5.65,2.47479E+12
North Barbara,3/23/19 20:59,23.76,5.55027E+12
North Jasmine,3/11/19 21:03,37.93,4.22138E+12
West Gabriel,4/29/19 1:22,36.7,4.1035E+12
Liumouth,4/14/19 6:43,31.63,6.16629E+12
Carriemouth,3/2/19 15:40,28.04,5.13854E+12
West Robert,3/24/19 15:21,34.9,9.47233E+12
North Jasmine,5/2/19 10:24,29.86,3.19899E+12
Carriemouth,3/21/19 15:40,44.64,9.56084E+12
Lake Scottton,2/15/19 6:49,22.75,8.38204E+12
North Madeline,4/12/19 13:57,7.77,9.27334E+12
Lake Danielberg,1/7/19 9:41,17.39,4.35554E+12
North Madeline,4/30/19 16:02,37.48,2.50813E+12
Port David,1/7/19 20:03,20.49,5.84626E+12
Royland,2/11/19 3:46,30.41,7.2001E+12
West Samuelburgh,2/20/19 1:05,19.65,6.62379E+12
West Angela,3/18/19 12:08,34.05,5.33241E+12
West Patrickchester,3/6/19 4:19,32.37,3.68467E+12
Port Frank,2/5/19 10:34,20.1,4.44307E+12
New Kimberlyborough,2/9/19 5:48,39.55,6.01005E+12
Justinberg,4/20/19 7:37,29.07,2.09655E+11
West Angela,4/18/19 12:07,16.18,5.7701E+12
Justinberg,3/10/19 9:19,37.89,5.56313E+12
Valentineton,1/10/19 17:29,19.91,7.74511E+11
Williamsview,4/7/19 0:32,18.92,23948941587
South Jack,1/31/19 2:51,21.75,6.97116E+12
Port Frank,2/18/19 18:49,39.06,7.30185E+12
Leahton,2/13/19 11:40,16.79,4.74479E+12
South Michelleport,2/22/19 7:44,22.52,8.52274E+12
South Karenland,4/25/19 14:44,24.86,1.30771E+12
Richardfort,2/16/19 13:52,17.92,8.20639E+11
Williamsstad,4/16/19 23:07,23.12,9.69458E+11
South Michelleport,2/12/19 7:41,27.7,5.58288E+12
West Patrickchester,4/13/19 19:49,33.33,1.83406E+12
Martinezhaven,4/18/19 18:37,5.81,2.12425E+12
North Jason,1/23/19 22:51,21.95,6.7018E+12
North Jason,4/18/19 12:19,22.42,4.92779E+12
Lake Scottton,5/3/19 22:33,9.01,1.28976E+12
West Christopherberg,3/1/19 21:33,11.97,6.42255E+12
North Markport,4/10/19 22:15,38.02,8.83453E+12
Christopherfurt,4/9/19 0:32,29.96,9.82584E+12
North Madeline,1/29/19 16:12,17.57,2.59646E+12
Richardfort,2/1/19 20:18,10.26,9.55494E+12
South Phillip,1/25/19 5:04,38.15,3.59916E+12
East Kaylahaven,2/11/19 0:24,43.19,8.67104E+12
Rodneyfort,4/11/19 2:57,36.3,9.04891E+12
Pattyland,4/26/19 8:31,19.99,8.82778E+12
South Karenland,3/24/19 23:37,41.44,6.04857E+11
Port David,3/24/19 21:58,28.84,5.26678E+12
Rodneyfort,3/10/19 5:23,29.13,4.63491E+12
New Paulton,2/2/19 16:37,17.19,8.50043E+12
Williamsstad,3/12/19 1:39,18.67,2.16183E+12
South Michelleport,1/29/19 20:40,9.79,5.52906E+12
West Christopherberg,3/21/19 2:57,21.41,7.7034E+12
Lake Scottton,3/25/19 21:46,36.92,7.04364E+12
Port Angela,3/19/19 12:32,17.21,1.69421E+12
Christopherfurt,4/17/19 22:12,32.39,6.53652E+11
Joneschester,2/27/19 8:19,33.34,2.38609E+12
Loganberg,1/25/19 1:59,26.03,9.12375E+12
South Phillip,2/19/19 13:19,33.07,8.51816E+12
Deanville,1/23/19 13:00,42.45,7.28621E+12
New Kimberlyborough,1/30/19 21:46,29.09,8.58712E+12
Port Johnbury,4/11/19 10:26,9.1,7.80475E+12
West Patrickchester,4/19/19 3:26,44.5,8.63832E+12
West Robert,1/11/19 11:10,5.16,1.59259E+12
New Paulton,3/28/19 3:35,14.94,3.70349E+12
South Latoya,3/19/19 16:19,31.72,3.63818E+11
Robertport,2/18/19 15:01,43.47,7.99569E+12
Valentineton,1/19/19 19:40,6.71,9.05271E+12
South Latoya,1/18/19 20:09,10.98,7.14419E+12
Simpsonburgh,1/12/19 4:35,24.83,3.15166E+12
West Patrickchester,2/12/19 16:33,22.64,4.55373E+12
Richardfort,4/17/19 2:26,23,7.20021E+11
Hurleymouth,2/20/19 10:47,17.07,7.0237E+12
Leahton,1/27/19 8:09,29.36,2.92181E+12
West Anthony,4/29/19 1:12,27.04,4.37535E+12
New Kimberlyborough,1/5/19 9:33,39.47,2.81269E+12
South Latoya,3/19/19 22:03,40.29,6.60213E+11
Williamsstad,4/12/19 12:30,17.57,7.09968E+12
South Karenland,2/1/19 19:45,31.64,9.37735E+12
North Jason,4/16/19 15:23,24.07,9.72612E+12
West Angela,1/27/19 9:35,9.24,2.62313E+12
Lake Danielberg,2/8/19 5:58,10.31,2.46453E+12
Port Samanthamouth,4/6/19 13:42,24.18,8.48462E+12
New Jacobville,2/9/19 2:25,37.51,5.69207E+12
New Kimberlyborough,3/10/19 13:55,10.83,1.55858E+12
New Kimberlyborough,1/8/19 18:59,13.34,6.26984E+11
Karenberg,3/5/19 1:38,44.1,9.22678E+12
South Phillip,4/11/19 10:09,21.06,4.8321E+12
Loganberg,1/20/19 1:34,38.66,7.23915E+12
Carriemouth,5/1/19 4:53,10.97,8.79211E+12
West Patrickchester,1/21/19 14:48,19.44,2.08837E+12
Martinezhaven,2/7/19 21:45,4.31,9.33333E+12
Karenside,1/8/19 8:49,22.64,2.41162E+12
North Jason,3/24/19 7:40,32.72,7.96029E+12
Lake Danielberg,3/28/19 9:56,28.53,9.80825E+12
Pattyland,4/3/19 3:29,14.06,5.39901E+12
Pattyland,2/21/19 17:53,7.06,5.80846E+12
Loganberg,1/11/19 4:27,44.34,1.37654E+12
Leahton,2/28/19 13:10,9.08,8.1975E+12
Reynoldsfurt,1/17/19 21:35,24.84,5.00018E+12
Raymondhaven,2/22/19 23:54,7.64,7.31172E+12
South Latoya,2/12/19 22:59,5.54,8.3976E+11
Lake Scottton,1/18/19 2:32,31.92,5.70629E+12
Port David,2/24/19 22:20,35.63,3.35453E+12
Roberthaven,4/5/19 14:01,31.09,1.01622E+12
Rogerston,3/24/19 2:56,39.6,9.19619E+12
Karenberg,4/27/19 14:57,44.73,3.80072E+12
Martinezhaven,4/14/19 16:26,32.57,9.71302E+11
South Evanton,1/20/19 23:10,25.94,3.43171E+12
North Jasmine,4/26/19 12:08,35.33,6.85733E+12
Hurleymouth,1/12/19 1:19,10.64,8.1256E+12
West Robert,3/7/19 15:57,12.22,2.7056E+12
Deanville,4/21/19 23:32,33.37,7.76308E+12
South Michelleport,1/9/19 1:48,10.68,3.23691E+12
Royland,2/2/19 12:51,42.52,7.83542E+12
Rodneyfort,4/10/19 23:38,25.4,9.06037E+12
North Madeline,1/12/19 9:42,20.82,8.11479E+12
Lake Danielberg,4/28/19 4:00,39.82,7.8891E+12
Port Johnbury,5/2/19 12:46,42.42,3.24538E+12
Richardfort,4/21/19 3:44,9.54,3.69815E+12
Liumouth,3/22/19 4:06,33.1,3.67856E+12
Roberthaven,1/21/19 19:25,23.14,4.93914E+12
Amandaburgh,1/21/19 4:12,9.26,5.52843E+12
South Evanton,4/25/19 0:37,26.84,1.53924E+12
Port Samanthamouth,3/25/19 13:20,34.94,8.21747E+11
South Michelleport,3/13/19 4:21,10.44,5.68486E+12
North Madeline,1/14/19 3:43,31.88,8.713E+12
Hurleymouth,3/17/19 6:50,29.95,5.22518E+12
Port David,4/10/19 14:27,26.68,5.36139E+12
Pattyland,2/10/19 2:55,24.39,7.26485E+12
Liumouth,3/17/19 19:21,19.05,9.11827E+12
Robertport,4/3/19 1:20,15.14,6.66972E+12
Hurleymouth,4/1/19 6:26,9.94,4.06343E+12
West Samuelburgh,4/17/19 11:25,15.03,4.02153E+12
South Phillip,3/18/19 4:11,17.57,8.431E+12
West Josephberg,1/29/19 2:13,7.58,6.14297E+12
Roberthaven,2/16/19 10:23,14.95,6.65368E+12
West Christopherberg,3/27/19 23:57,21.55,2.20181E+12
Christopherfurt,3/30/19 13:15,31.3,7.45713E+12
Hurleymouth,2/1/19 3:23,22.39,6.07173E+12
Port Frank,3/16/19 20:54,30.24,1.45421E+12
Lake Danielberg,1/16/19 11:59,20.07,8.44861E+12
West Ericstad,3/28/19 13:29,22.28,3.13527E+12
Karenside,3/11/19 16:18,44.29,3.26916E+12
South Evanton,3/17/19 0:31,36.31,2.78352E+12
West Heidi,5/5/19 15:47,37.75,3.64677E+12
Robertport,2/28/19 22:50,13.39,6.81044E+11
South Jack,1/5/19 11:31,13.14,6.80975E+12
West Josephberg,2/28/19 18:19,11.1,3.52953E+12
Port Frank,3/26/19 19:09,28.83,8.89805E+11
Barajasview,2/19/19 2:25,26.83,9.37248E+11
Justinberg,1/3/19 22:50,5.81,9.26116E+12
North Barbara,4/17/19 2:49,39.18,3.50329E+12
West Angela,3/8/19 13:24,4.92,5.44515E+12
South Latoya,3/19/19 7:54,30.03,9.56033E+12
Hurleymouth,1/18/19 10:59,4.66,8.62288E+12
Johnton,4/5/19 7:12,22.87,1.03062E+12
Carriemouth,3/27/19 2:11,38.69,4.40712E+12
Reynoldsfurt,4/19/19 0:56,13.63,7.99008E+12
Christopherfurt,3/16/19 19:46,19.61,2.29037E+12
Liumouth,4/28/19 0:26,5.42,8.02692E+12
New Kimberlyborough,3/19/19 7:17,15.78,6.41496E+12
Martinezhaven,3/7/19 12:26,23.55,7.38533E+12
East Kaylahaven,4/6/19 16:17,35.79,8.9306E+12
Simpsonburgh,4/26/19 9:31,33.71,2.59748E+12
Lake Jonathanshire,1/28/19 0:07,5.67,9.75657E+12
Robertport,4/19/19 19:45,39.57,3.97034E+12
South Karenland,3/20/19 10:34,33.24,3.09727E+12
Raymondhaven,3/7/19 20:59,17.66,9.25756E+12
Port David,2/18/19 14:47,20.16,1.84743E+12
Royland,2/20/19 19:14,38.28,3.61665E+12
East Kaylahaven,1/29/19 7:28,41.62,7.15722E+12
Valentineton,2/23/19 11:46,19.99,9.65841E+12
Martinezhaven,3/12/19 10:02,21.18,4.04681E+12
South Phillip,2/19/19 20:47,28.62,4.40803E+12
Royland,5/4/19 2:54,15.14,4.98829E+12
West Heidi,2/5/19 19:24,24.32,4.26277E+11
East Kaylahaven,2/28/19 16:46,33.72,1.22492E+12
New Kimberlyborough,4/3/19 16:27,14.73,9.08311E+12
South Karenland,1/10/19 23:48,37.58,7.16597E+12
Richardfort,2/3/19 0:14,29.04,4.98267E+12
Justinberg,3/10/19 5:15,22.43,5.55274E+12
Huntermouth,3/21/19 8:44,32.42,3.39325E+12
Roberthaven,3/22/19 4:19,34.69,1.77299E+12
West Heidi,3/11/19 16:10,43.45,4.65488E+12
Raymondhaven,2/17/19 2:06,39.7,3.25174E+12
Karenside,4/16/19 23:13,39.32,3.15594E+12
Rogerston,3/16/19 20:49,43.82,4.71896E+12
Port Johnbury,4/28/19 16:29,36.42,2.73966E+11
West Josephberg,1/18/19 12:47,43.85,9.65466E+12
North Jasmine,2/5/19 22:28,19.21,6.78509E+12
Loganberg,4/10/19 4:59,35.97,8.82801E+12
Barajasview,4/15/19 20:37,17.76,8.09825E+12
New Paulton,4/17/19 20:05,44.43,3.38361E+11
West Angela,1/19/19 0:36,40.4,7.40626E+11
North Jasmine,2/18/19 3:09,31.49,9.75908E+12
North Barbara,2/11/19 18:51,43.26,8.9735E+12
Rogerston,3/2/19 0:54,25.14,1.72262E+12
Williamsstad,2/21/19 10:56,4.9,7.17645E+12
South Jack,1/14/19 17:06,40.65,5.44057E+12
West Anthony,4/15/19 11:02,43.82,4.3815E+12
Royland,2/12/19 1:18,44.33,5.32459E+12
West Angela,4/3/19 14:44,23.52,4.84305E+12
Liumouth,2/22/19 3:55,6.39,8.11653E+12
Amandaburgh,4/19/19 16:30,6.27,4.40063E+12
West Ericstad,1/23/19 10:13,10.12,8.03585E+12
South Jack,1/15/19 5:51,5.58,1.7939E+12
Barajasview,5/2/19 21:02,17.12,4.62892E+12
Amandaburgh,3/20/19 7:40,27.45,3.70101E+12
East Kaylahaven,3/17/19 23:54,8.62,1.95343E+12
Port Samanthamouth,1/27/19 0:57,28.46,8.8265E+11
New Paulville,1/25/19 15:19,15.04,7.52944E+12
West Anthony,4/3/19 2:42,10.56,3.76287E+12
Raymondhaven,1/6/19 20:15,21.19,9.47362E+12
Rogerston,1/3/19 21:45,36.28,7.09035E+12
Port David,4/2/19 16:53,41.14,2.69444E+12
North Markport,2/8/19 22:01,34.69,2.74219E+12
West Angela,3/4/19 17:50,20.72,1.78473E+12
South Michelleport,4/21/19 18:31,21.98,5.89381E+12
Port Frank,2/10/19 8:14,40.82,6.38624E+12
Rogerston,2/14/19 5:24,19.42,8.77069E+12
Joneschester,4/2/19 4:52,10.52,4.97037E+12
South Karenland,3/17/19 1:22,23.26,5.56551E+11
West Angela,5/5/19 14:17,23.66,9.18827E+12
Royland,2/10/19 13:50,11.24,4.94954E+12
Christopherfurt,1/30/19 22:09,6.32,4.28978E+12
Barajasview,4/9/19 8:10,39.36,1.80161E+12
Christopherfurt,2/8/19 11:46,25.76,9.51781E+11
Leahton,1/13/19 0:03,9.37,4.66966E+12
Port Angela,4/15/19 23:02,20.16,6.49009E+12
Loganberg,1/13/19 23:53,41.86,7.04561E+12
West Heidi,2/24/19 4:41,40.8,4.27425E+12
Robertport,2/24/19 22:01,8.48,2.89277E+12
Karenside,3/14/19 17:07,16.31,8.81835E+12
West Christopherberg,3/20/19 3:04,42.83,6.89841E+12
West Gabriel,1/15/19 14:51,13.38,7.56092E+12
Simpsonburgh,4/1/19 4:02,25.65,2.86964E+12
West Robert,5/4/19 4:36,5.36,9.79948E+12
Loganberg,2/17/19 7:58,44.47,3.54107E+12
West Anthony,4/20/19 20:13,11.85,4.27467E+12
Jerryton,5/1/19 17:20,4.97,8.0964E+12
North Jasmine,3/4/19 16:59,42.58,8.86458E+12
North Madeline,1/26/19 2:37,5.59,3.67644E+12
Royland,3/25/19 18:17,7.09,5.6603E+12
New Paulton,1/21/19 17:04,18.3,3.72117E+12
Richardfort,2/8/19 15:50,16.55,2.27046E+12
Barajasview,2/3/19 9:58,39.39,9.438E+12
Pattyland,4/18/19 23:27,28.66,2.3424E+12
West Christopherberg,2/17/19 3:30,4.4,4.35311E+12
Grahamburgh,2/25/19 12:18,14.51,6.15711E+12
New Kimberlyborough,4/11/19 10:38,12.01,1.35529E+11
North Madeline,5/2/19 23:25,11.94,7.52666E+12
Simpsonburgh,4/12/19 19:38,22.45,7.81139E+12
Martinezhaven,2/16/19 17:25,15.33,9.81061E+12
West Heidi,3/30/19 2:27,11.15,2.26487E+12
Christopherfurt,4/12/19 14:37,22.91,5.92812E+12
Karenside,4/28/19 2:38,39.41,4.71119E+12
Rogerston,4/1/19 9:27,28.54,9.9631E+12
West Samuelburgh,2/19/19 11:01,17.77,7.60898E+12
Joneschester,3/17/19 22:39,15.35,2.30717E+12
West Heidi,2/27/19 11:19,35.19,6.99827E+12
West Heidi,3/2/19 9:13,23.55,6.47807E+12
Roberthaven,3/30/19 15:12,16.2,2.94949E+12
Karenberg,4/7/19 16:28,16.11,4.80609E+12
Port Angela,3/8/19 16:32,23.06,2.75074E+12
Hurleymouth,2/7/19 6:07,36.7,1.74818E+11
Simpsonburgh,3/31/19 11:49,24.16,9.70976E+12
South Jack,3/14/19 17:18,18.66,3.5116E+12
New Jacobville,3/10/19 1:02,10.63,6.50454E+11
Williamsstad,4/16/19 16:21,32.43,7.17782E+12
Port Johnbury,3/27/19 8:26,38.99,4.11568E+12
North Jasmine,2/17/19 0:27,35.11,6.62098E+12
South Jack,1/3/19 23:11,4.95,9.0056E+12
Pattyland,4/23/19 2:57,13.01,9.34529E+12
Raymondhaven,2/16/19 4:31,24.31,8.96062E+12
Joneschester,4/24/19 13:07,9.78,9.67059E+11
North Jason,2/19/19 4:45,15.87,7.79183E+12
Williamsstad,2/22/19 4:25,20.56,5.81376E+12
West Christopherberg,2/19/19 19:49,40.98,7.52484E+11
South Karenland,3/19/19 14:50,23.07,5.75934E+12
Rodneyfort,3/7/19 23:37,7.78,2.85963E+12
Lake Scottton,2/5/19 11:47,24.54,3.77026E+12
Royland,1/26/19 21:29,14.68,1.74729E+12
Martinezhaven,1/21/19 1:50,42.75,9.05609E+12
West Patrickchester,3/17/19 4:51,17.38,3.06649E+12
Raymondhaven,3/31/19 17:01,36.29,8.95924E+12
West Robert,3/6/19 6:10,22.86,2.31892E+12
South Evanton,2/25/19 18:39,15.06,8.87333E+12
West Christopherberg,3/7/19 20:09,32.27,2.176E+12
West Josephberg,4/19/19 1:55,42.53,6.11437E+12
Liumouth,3/6/19 7:44,23.53,2.43017E+12
West Christopherberg,2/10/19 19:41,8.42,8.36259E+11
Hurleymouth,2/23/19 13:48,18.15,6.05143E+12
Port Angela,2/26/19 10:01,28.52,6.78357E+12
West Samuelburgh,1/31/19 9:17,14.11,6.0384E+12
North Barbara,4/6/19 9:03,26.64,9.29433E+11
Rodneyfort,4/29/19 0:20,44.28,6.97926E+12
North Jason,4/5/19 2:05,31.89,9.98847E+12
Port David,2/11/19 23:07,10.05,6.92195E+12
Raymondhaven,1/27/19 15:52,41.76,7.32594E+12
Barajasview,3/12/19 4:54,37.05,1.82923E+12
Liumouth,1/17/19 16:17,33.29,3.42432E+12
North Barbara,3/24/19 6:49,4.05,5.34406E+12
Valentineton,4/3/19 11:34,18.62,5.5506E+11
West Samuelburgh,4/17/19 19:01,10.58,2.0719E+12
Carriemouth,1/15/19 6:27,24.13,7.41768E+12
Carriemouth,5/8/19 4:20,21.99,1.17998E+11
Erikaland,2/21/19 20:28,12.44,2.70509E+12
Grahamburgh,1/18/19 7:41,23.35,8.08454E+12
East Kaylahaven,1/29/19 13:01,9.81,2.05842E+12
Carriemouth,2/4/19 0:29,24.87,6.0156E+12
Justinberg,4/14/19 14:48,24.34,1.49282E+12
Pattyland,1/1/19 17:22,42.11,9.61495E+12
Royland,4/9/19 0:32,22.89,5.15786E+12
Huntermouth,3/14/19 10:37,30.49,9.53756E+12
Huntermouth,1/17/19 12:10,41.48,7.8023E+12
Huntermouth,2/3/19 12:19,31.43,4.78286E+12
South Evanton,2/21/19 8:05,34.21,5.09396E+12
West Robert,4/12/19 8:17,32.48,7.54437E+12
Raymondhaven,3/2/19 4:56,5.19,4.17505E+12
Port Frank,4/2/19 15:48,13.55,4.84971E+12
West Heidi,3/18/19 4:53,4.29,4.31502E+12
Amandaburgh,4/1/19 9:24,24.29,1.99546E+12
Liumouth,2/27/19 18:08,43.31,1.51093E+12
Barajasview,3/15/19 22:44,28.3,1.31427E+12
New Kimberlyborough,3/19/19 15:25,27.37,5.33038E+11
West Samuelburgh,1/6/19 8:34,43.05,9.81077E+12
Lake Scottton,1/28/19 2:32,23.95,9.4834E+12
North Jason,1/14/19 20:53,26.58,8.64239E+12
East Kaylahaven,3/23/19 10:48,4.64,1.90804E+12
Johnton,3/15/19 8:40,43.5,7.1342E+12
Roberthaven,2/22/19 19:42,27.48,9.42E+12
Robertport,1/25/19 1:33,44.75,6.71134E+12
Joneschester,2/16/19 2:35,9.48,4.15529E+12
Johnton,5/2/19 2:19,32.38,8.95482E+12
West Anthony,2/19/19 22:53,27.9,4.26752E+12
Martinezhaven,3/11/19 20:07,7.01,7.63675E+12
Port Johnbury,3/30/19 17:59,15.17,4.90059E+12
Williamsview,4/7/19 2:32,19.19,8.04777E+12
West Robert,2/23/19 19:46,33.24,3.05503E+12
Barajasview,3/19/19 12:17,26.6,5.62306E+12
Williamsstad,5/6/19 12:39,40.79,8.72087E+12
Justinberg,1/22/19 9:08,38.3,1.28783E+12
Justinberg,4/16/19 1:26,16.58,1.47644E+12
Carriemouth,2/17/19 5:01,22.66,3.71794E+12
South Evanton,4/10/19 5:38,30.36,5.2549E+12
Simpsonburgh,2/14/19 22:52,30,7.64462E+12
New Kimberlyborough,1/7/19 5:12,15.22,7.02007E+12
Richardfort,4/3/19 15:07,40.77,9.49621E+12
Williamsview,1/5/19 0:44,21.59,6.18022E+12
Carriemouth,1/4/19 15:56,31.99,4.87254E+12
West Christopherberg,4/6/19 13:59,25.31,3.27595E+12
New Jacobville,4/10/19 4:16,42.92,4.02102E+12
Karenberg,4/23/19 21:11,26.92,9.6851E+12
Johnton,2/28/19 5:42,12.02,6.6703E+12
Amandaburgh,4/20/19 2:16,16.27,3.51312E+12
Port Frank,4/25/19 23:04,19.43,7.79216E+12
Martinezhaven,2/3/19 6:15,11.61,3.41665E+12
Joneschester,3/9/19 3:25,39.32,1.55316E+12
West Robert,4/7/19 6:17,40.69,5.02551E+11
West Heidi,2/6/19 0:47,40.55,6.25794E+12
Lake Jonathanshire,1/24/19 12:24,34.65,3.31912E+12
Johnton,1/22/19 13:10,24.17,7.41336E+12
South Karenland,1/31/19 15:50,36.28,9.21999E+12
Liumouth,1/5/19 19:32,27.02,3.77362E+12
Port Angela,2/8/19 0:14,15.58,7.38873E+12
Johnton,2/26/19 9:36,18.76,6.36082E+12
Pattyland,2/5/19 0:47,28.81,1.15407E+11
Deanville,4/26/19 4:05,28.44,3.32616E+12
West Anthony,3/3/19 0:24,20.71,7.55033E+12
South Phillip,2/28/19 14:54,42.2,9.81356E+12
North Jason,1/5/19 10:59,16.22,3.84242E+12
Loganberg,1/31/19 23:29,13.69,4.06601E+12
Port Frank,1/27/19 13:40,38.97,5.9444E+12
South Evanton,3/6/19 23:01,44.41,2.7603E+12
West Angela,1/22/19 2:28,32.18,4.24482E+12
Rodneyfort,4/12/19 23:29,27.81,5.6694E+12
Carriemouth,4/28/19 9:25,37.35,4.81235E+12
Hurleymouth,2/28/19 3:20,44.85,5.10428E+12
Lake Danielberg,3/20/19 5:37,33.9,25082058503
Lake Jonathanshire,3/24/19 16:27,14.94,1.67091E+12
Williamsview,5/4/19 14:56,32.8,2.67773E+12
West Josephberg,2/19/19 20:48,4.07,1.34803E+12
Christopherfurt,4/6/19 22:33,27.46,7.39994E+12
South Phillip,2/1/19 12:52,39.27,5.30799E+12
New Paulville,2/18/19 23:43,38.97,1.73392E+12
Grahamburgh,3/24/19 13:39,32.17,2.40024E+12
Port Johnbury,2/8/19 10:29,7.63,3.49757E+12
Port David,3/4/19 0:41,23.7,6.4922E+12
West Ericstad,4/13/19 9:52,22.39,5.77076E+12
Karenside,5/3/19 15:31,32.68,9.19416E+12
Valentineton,2/25/19 2:33,10.21,4.59589E+12
Martinezhaven,3/21/19 7:56,39.26,9.86764E+12
Huntermouth,3/21/19 13:31,27.96,3.03092E+12
Rogerston,3/18/19 12:47,8.58,4.17898E+12
West Angela,3/7/19 10:38,14.8,5.02247E+12
Rodneyfort,3/15/19 10:18,30.83,4.17505E+12
North Jasmine,4/24/19 8:49,28.24,8.27389E+12
Raymondhaven,1/25/19 6:48,14.65,3.91246E+12
Richardfort,2/19/19 14:09,27.11,8.69032E+12
West Josephberg,3/16/19 7:06,10.04,6.77577E+12
Erikaland,5/7/19 11:23,22.72,5.59043E+12
Royland,1/15/19 8:50,4.1,9.40923E+12
Roberthaven,3/27/19 7:24,11.51,9.18506E+12
Justinberg,4/16/19 5:05,27.1,1.85455E+12
East Kaylahaven,1/4/19 23:57,24.37,5.7352E+12
North Jason,2/22/19 7:07,18.67,1.90295E+11
Karenside,2/12/19 20:45,25.58,6.56902E+12
Raymondhaven,2/28/19 16:10,11.26,3.12271E+12
Amandaburgh,3/13/19 12:52,13.88,6.22213E+12
Amandaburgh,4/22/19 21:34,42.52,1.90116E+12
New Jacobville,4/27/19 14:11,37.6,8.7809E+12
West Ericstad,4/19/19 20:35,5.75,3.49713E+12
Christopherfurt,1/4/19 4:30,15.47,1.47116E+12
Port David,3/27/19 0:20,18.43,4.63559E+12
Martinezhaven,2/15/19 2:18,15.93,9.62458E+12
West Robert,2/27/19 4:29,22.81,5.71431E+12
South Michelleport,3/8/19 4:18,27.42,3.75424E+12
Robertport,5/3/19 2:36,31.62,4.85226E+12
West Anthony,2/4/19 15:04,20.09,4.22152E+12
West Angela,3/20/19 23:44,23.83,8.75081E+12
South Michelleport,5/7/19 12:25,4.47,2.89109E+11
New Paulville,5/1/19 13:29,10.3,1.05757E+12
Justinberg,2/19/19 4:01,36.27,7.28644E+12
Leahton,1/8/19 11:48,39.81,4.57902E+11
Justinberg,2/1/19 21:16,31.07,2.73965E+12
South Latoya,2/12/19 16:31,28.92,5.77983E+12
Williamsview,2/8/19 6:11,25.3,2.3246E+12
Joneschester,1/15/19 21:21,13.43,2.23586E+12
Williamsstad,1/6/19 20:14,43.5,2.04785E+12
South Karenland,1/25/19 8:14,31.02,5.00482E+11
Carriemouth,4/1/19 0:35,27.84,6.58983E+12
Valentineton,1/1/19 14:42,12.31,4.75704E+12
Christopherfurt,3/12/19 9:22,35.57,8.28613E+12
Huntermouth,2/5/19 8:10,28.58,3.14352E+11
Deanville,2/17/19 15:51,25.33,2.74947E+12
North Barbara,5/5/19 9:46,26.54,4.32828E+12
West Angela,1/25/19 12:19,41.05,4.60241E+12
Martinezhaven,4/15/19 9:17,35.45,4.82261E+12
West Anthony,1/12/19 19:38,37.66,4.10252E+11
West Samuelburgh,4/25/19 15:55,26.44,4.33865E+12
West Josephberg,4/29/19 10:20,28.73,1.73253E+12
Liumouth,4/11/19 13:52,15.55,6.82849E+12
Karenside,4/4/19 14:32,42.27,6.7715E+12
Loganberg,4/4/19 8:04,25.93,1.86096E+11
Johnton,1/21/19 3:20,28.59,5.59754E+12
Carriemouth,3/8/19 13:35,34.32,7.98492E+12
South Latoya,1/2/19 0:44,43.72,3.90122E+11
South Phillip,3/25/19 8:38,7.04,7.93164E+12
Lake Danielberg,3/21/19 19:46,14.12,8.57368E+12
Jerryton,1/27/19 5:35,5.21,2.36654E+12
Simpsonburgh,4/28/19 10:54,10.07,2.9948E+12
Amandaburgh,2/6/19 10:02,11.93,7.55033E+12
Karenberg,2/14/19 14:40,11.06,4.34496E+12
Jerryton,1/16/19 17:13,22.26,9.74453E+11
East Kaylahaven,3/27/19 0:44,25.29,4.84074E+12
Pattyland,2/11/19 20:25,33.21,1.32588E+12
South Michelleport,2/6/19 17:29,25.58,6.81478E+12
Martinezhaven,2/23/19 0:15,15.48,5.94682E+12
Loganberg,1/5/19 14:35,5.92,5.3277E+12
New Paulville,4/13/19 10:23,8.69,5.9222E+11
South Evanton,1/10/19 2:57,37.03,4.81799E+12
Port Angela,2/6/19 7:07,24.47,1.46982E+12
West Gabriel,4/21/19 4:50,4.96,2.69414E+12
New Kimberlyborough,3/28/19 12:48,10.91,9.35422E+11
West Anthony,4/16/19 1:06,17.47,5.70656E+12
West Gabriel,1/16/19 6:23,25.97,6.59048E+12
Karenside,1/24/19 7:48,9.39,4.82906E+12
Liumouth,1/1/19 0:08,37.91,5.67367E+12
Grahamburgh,4/20/19 21:40,40.06,5.16183E+12
Christopherfurt,5/7/19 17:27,6.39,7.60801E+12
West Gabriel,5/1/19 2:18,27.45,2.82746E+12
West Heidi,1/17/19 3:43,5.78,9.1077E+12
West Angela,1/4/19 20:45,20.33,1.92034E+12
Christopherfurt,3/25/19 17:11,7.19,6.89268E+12
Robertport,3/25/19 18:55,35.29,7.87581E+12
Royland,1/16/19 2:06,4.89,8.05334E+12
Huntermouth,3/19/19 17:31,15.05,1.67708E+12
North Madeline,4/7/19 6:50,11.92,7.37335E+11
East Kaylahaven,1/7/19 20:29,5.56,4.65764E+12
Loganberg,4/18/19 17:41,22.51,3.20804E+12
North Jason,1/23/19 21:22,6.54,5.61476E+12
South Latoya,1/31/19 23:20,14.82,6.96344E+12
Karenberg,3/9/19 14:47,35.68,8.63175E+12
West Anthony,5/1/19 17:43,23.76,2.92935E+12
Williamsstad,3/25/19 16:07,42.93,2.21E+12
Port Angela,2/6/19 16:11,11.39,6.10867E+12
Karenside,2/24/19 5:39,27.64,8.05821E+12
East Kaylahaven,3/21/19 22:54,9.42,1.46826E+12
South Michelleport,3/23/19 16:45,14.72,4.90532E+11
Pattyland,1/14/19 20:49,40.21,5.82597E+12
Port Samanthamouth,2/28/19 20:01,38.42,2.10509E+12
Reynoldsfurt,4/11/19 9:09,42.97,1.39065E+12
Pattyland,3/27/19 6:49,8.57,3.07455E+12
North Jasmine,4/24/19 8:05,14.11,4.19471E+12
North Madeline,3/31/19 3:35,21.24,6.5416E+11
West Anthony,2/11/19 5:48,15.55,5.98841E+12
Lake Danielberg,1/28/19 15:49,25.98,1.41832E+12
Royland,2/19/19 8:25,13.02,1.86047E+11
Reynoldsfurt,3/8/19 7:06,6.08,2.56721E+12
Roberthaven,2/9/19 0:25,11.71,8.18277E+12
South Evanton,2/25/19 11:11,15.94,2.73432E+12
Grahamburgh,3/4/19 22:51,34.93,5.941E+12
West Ericstad,3/29/19 4:59,40.29,8.09503E+11
Port Frank,2/17/19 13:21,32.44,5.38735E+12
Lake Danielberg,2/8/19 5:26,22.74,9.52401E+12
Erikaland,3/24/19 9:50,4.07,6.56168E+12
Port David,2/11/19 11:59,38,7.7727E+12
North Barbara,4/27/19 0:19,16.89,5.10412E+12
Simpsonburgh,2/27/19 0:58,13.38,1.57792E+12
North Jason,1/23/19 5:58,32.77,2.98876E+12
Simpsonburgh,1/6/19 2:20,27.2,3.68183E+12
South Phillip,4/18/19 1:17,35.7,4.75237E+12
South Karenland,3/16/19 2:20,4.87,2.38792E+12
New Paulville,3/14/19 21:25,20.26,8.81201E+12
Johnton,2/14/19 18:21,43.93,5.44375E+12
Port Johnbury,2/27/19 2:44,11.33,3.22578E+12
Joneschester,3/12/19 21:52,21.17,1.57652E+12
West Samuelburgh,2/12/19 18:45,6.76,8.53007E+12
Huntermouth,4/28/19 17:26,31.43,6.66048E+12
Deanville,4/1/19 0:11,22.65,7.00278E+12
Leahton,2/15/19 17:00,25.84,9.2427E+12
Hurleymouth,4/13/19 18:15,40.93,4.91521E+12
West Anthony,3/21/19 1:28,15.64,4.74685E+12
Karenside,1/23/19 23:30,37.62,1.95293E+12
West Gabriel,2/28/19 12:03,31.82,4.15307E+12
Carriemouth,3/26/19 10:39,26.91,7.85248E+12
South Michelleport,3/1/19 22:01,24.55,9.78948E+12
Rodneyfort,5/5/19 3:19,22.24,5.39329E+12
Deanville,3/7/19 7:21,31.08,9.71126E+12
Reynoldsfurt,5/4/19 12:38,8.81,3.23811E+12
Justinberg,4/27/19 12:41,18.99,3.03461E+12
Huntermouth,3/2/19 10:47,10.89,1.64727E+12
West Robert,2/27/19 20:51,8.37,4.89897E+11
Port Angela,2/14/19 13:00,42.04,8.96909E+11
South Karenland,1/9/19 20:59,44.44,3.17995E+12
Port David,3/24/19 16:37,25.65,2.08469E+12
Liumouth,1/4/19 3:16,9.1,8.14768E+12
Simpsonburgh,1/18/19 12:48,15.36,5.19567E+12
South Evanton,4/14/19 20:12,19.53,8.34565E+12
West Heidi,4/6/19 8:54,25.06,8.91601E+12
Port Frank,1/14/19 9:19,43.27,4.91473E+11
East Kaylahaven,2/23/19 0:41,15.94,1.60239E+12
North Madeline,1/28/19 9:57,42.24,5.83417E+11
Liumouth,4/14/19 21:17,38.95,14588103145
North Madeline,3/6/19 19:26,26.34,1.88386E+12
Williamsview,4/15/19 16:09,44.74,2.7594E+12
North Barbara,3/16/19 10:22,25.06,9.74571E+12
South Evanton,2/7/19 8:44,7.69,9.01261E+12
Williamsstad,4/26/19 4:18,18.92,1.6064E+12
Rodneyfort,1/12/19 6:17,7.05,4.23915E+12
Karenside,4/19/19 8:42,26.45,9.29376E+12
New Paulton,1/13/19 18:33,29.9,4.09033E+12
West Robert,1/17/19 4:56,12.71,8.50343E+12
Jerryton,2/14/19 19:48,24.49,3.08044E+12
Karenberg,1/16/19 13:52,41.26,3.35715E+12
Christopherfurt,5/3/19 12:46,14.43,5.64493E+12
Grahamburgh,3/27/19 22:14,4.63,7.32444E+12
New Kimberlyborough,3/2/19 18:56,6.08,3.87292E+12
North Madeline,3/4/19 22:29,6.19,5.4655E+11
North Jason,3/12/19 21:01,5.76,5.11343E+12
Liumouth,3/16/19 6:31,34.2,2.54174E+12
New Jacobville,4/21/19 23:00,13.53,5.56794E+12
Justinberg,4/24/19 11:33,28.76,6.4936E+12
West Anthony,3/13/19 8:03,5.03,1.17802E+12
Raymondhaven,1/13/19 1:03,17.33,2.83043E+12
Royland,3/22/19 22:02,23.31,2.833E+12
Rogerston,1/30/19 21:18,8.87,5.68698E+12
West Anthony,5/3/19 4:49,21.38,9.17265E+12
Port Frank,4/6/19 20:51,21.02,9.71438E+12
Lake Jonathanshire,4/11/19 22:10,12.81,5.99987E+12
South Phillip,1/17/19 17:45,23.46,2.62802E+12
South Karenland,3/3/19 7:40,22.44,7.45861E+12
Port Samanthamouth,4/18/19 14:39,23.56,8.73425E+12
Huntermouth,1/10/19 9:40,43.01,7.5807E+12
Joneschester,4/22/19 16:48,9.7,8.58709E+12
West Anthony,4/22/19 8:14,19.95,1.21205E+12
North Jasmine,4/11/19 3:38,27.54,5.00327E+12
Reynoldsfurt,3/10/19 20:10,4.1,5.69073E+12
North Markport,2/22/19 15:00,16.46,2.79829E+12
Huntermouth,1/9/19 22:56,15.31,1.53005E+12
Rogerston,3/19/19 16:58,29.88,3.97971E+12
Deanville,3/5/19 12:05,11.16,4.73702E+12
Rodneyfort,1/11/19 14:18,23.21,3.43372E+12
Reynoldsfurt,3/29/19 17:35,31.43,9.92231E+12
West Josephberg,1/14/19 18:07,9.71,4.72613E+12
Huntermouth,3/20/19 0:45,40.55,6.75062E+12
Amandaburgh,4/24/19 8:02,14.55,7.83612E+12
Port Frank,3/5/19 0:42,36.35,9.21372E+12
Martinezhaven,1/10/19 3:37,23.62,5.46989E+12
East Kaylahaven,2/10/19 12:42,6.69,6.07184E+12
Joneschester,3/10/19 13:31,22.72,8.70503E+12
West Angela,5/1/19 19:03,23.23,7.76994E+12
New Paulton,4/24/19 14:27,32.22,2.98963E+12
Roberthaven,3/5/19 12:12,5.43,6.05362E+11
Port Frank,3/9/19 16:59,6.5,2.10909E+12
Port Frank,4/4/19 11:46,39.39,7.96748E+12
Hurleymouth,3/7/19 12:38,41.96,1.67733E+12
Leahton,3/6/19 17:06,41.29,3.31067E+12
Johnton,2/7/19 19:40,30.97,6.85398E+12
Lake Scottton,5/3/19 15:26,25.68,7.71161E+11
Simpsonburgh,1/31/19 5:16,39.23,3.69709E+12
West Angela,2/21/19 13:51,29.99,4.36732E+12
Williamsview,4/16/19 8:23,20.38,8.22775E+12
West Josephberg,4/12/19 0:11,15.49,5.11823E+12
West Josephberg,2/15/19 0:51,36.7,8.33427E+12
South Karenland,2/19/19 2:20,39.59,9.83407E+12
Barajasview,1/2/19 23:23,36.13,8.56719E+12
East Kaylahaven,1/21/19 16:07,36.89,2.41125E+12
Loganberg,1/12/19 5:07,36.82,1.07811E+12
Richardfort,4/22/19 3:06,39.74,4.08139E+12
Richardfort,1/31/19 14:51,43.92,4.06695E+12
South Michelleport,4/1/19 14:50,28.84,8.84609E+12
Barajasview,1/14/19 11:00,19.81,2.37626E+12
West Heidi,4/18/19 20:05,32.74,1.74649E+12
Leahton,3/31/19 2:08,4.65,2.2042E+12
Port Johnbury,1/7/19 5:43,19.08,8.83938E+12
Justinberg,5/7/19 20:22,18.74,6.39565E+12
North Barbara,4/10/19 17:12,10.94,3.55505E+11
Barajasview,5/6/19 1:06,17.63,9.23321E+12
Reynoldsfurt,4/12/19 1:13,21.18,7.47139E+12
West Christopherberg,2/9/19 12:25,33.97,4.25388E+12
Leahton,2/23/19 1:19,7.08,3.74445E+12
Simpsonburgh,3/4/19 11:08,23.33,9.99763E+11
Port Frank,4/5/19 7:22,14.21,8.36608E+12
West Heidi,4/17/19 0:03,8.91,7.61713E+12
Robertport,4/24/19 23:45,19.73,7.44321E+12
Loganberg,5/5/19 17:29,30.47,7.76926E+12
West Josephberg,3/23/19 1:43,33.12,2.3354E+12
West Anthony,4/3/19 1:47,31.6,4.96533E+12
South Michelleport,4/22/19 2:38,9.72,2.08892E+12
Amandaburgh,4/5/19 10:22,25.55,8.58142E+12
Justinberg,4/1/19 23:46,40.87,8.95767E+12
Joneschester,3/10/19 8:15,27.91,1.27309E+12
Lake Scottton,1/11/19 19:18,31.31,9.30578E+12
Rodneyfort,3/24/19 19:06,31.41,8.2742E+11
Pattyland,4/25/19 14:57,44.39,1.7237E+12
Jerryton,2/28/19 1:14,36.87,3.09106E+12
Lake Scottton,4/11/19 4:26,22.03,2.02682E+12
Grahamburgh,4/29/19 21:20,13.59,3.2007E+12
South Latoya,3/29/19 22:54,5.93,2.6243E+12
Liumouth,3/27/19 12:12,44.27,9.81646E+11
Hurleymouth,3/2/19 11:43,34.65,9.38045E+12
West Angela,2/15/19 8:01,44.12,1.96212E+12
Reynoldsfurt,3/14/19 16:29,35.65,9.90709E+12
Port Johnbury,3/29/19 3:22,14.54,3.76124E+12
North Jason,2/15/19 14:32,17.35,6.04176E+12
North Madeline,4/15/19 10:02,37.6,3.89526E+12
Simpsonburgh,2/15/19 9:18,4.63,60590634054
Hurleymouth,2/13/19 17:32,25.72,8.76149E+12
West Robert,3/7/19 6:32,4.28,2.03078E+12
North Jasmine,4/1/19 4:31,28.04,5.01238E+12
North Jason,4/5/19 20:10,32.18,3.37355E+12
South Jack,2/1/19 11:28,26.72,5.06217E+12
West Heidi,2/9/19 19:23,39.76,5.5229E+12
West Anthony,4/6/19 2:25,14.3,7.57196E+12
West Ericstad,3/21/19 9:28,18.24,4.60295E+12
West Samuelburgh,2/27/19 6:43,32.73,5.61598E+12
New Jacobville,4/9/19 8:47,4.95,4.49374E+12
Carriemouth,2/21/19 15:09,23.48,4.75731E+12
Christopherfurt,3/18/19 9:24,7.45,4.45122E+12
South Phillip,1/16/19 3:42,7.08,8.45568E+12
Grahamburgh,1/28/19 15:40,44.91,2.58537E+11
Christopherfurt,3/25/19 20:35,23.38,4.99819E+11
Robertport,4/27/19 12:31,41.48,6.46459E+12
Justinberg,4/26/19 8:12,7.68,1.06865E+12
Port Frank,4/5/19 15:44,36.08,3.45798E+11
New Jacobville,4/13/19 1:18,43.98,9.4486E+12
North Jasmine,2/1/19 20:17,8.09,4.15938E+11
Valentineton,3/18/19 7:07,36.04,8.73223E+12
Huntermouth,1/6/19 20:23,28.74,6.5421E+11
South Jack,3/8/19 8:55,17.17,8.79096E+12
New Paulton,3/15/19 4:48,4.6,9.74146E+12
Williamsstad,4/21/19 23:26,26.99,8.56256E+12
Jerryton,1/6/19 12:30,27.71,9.04474E+12
Deanville,1/4/19 13:30,4.56,6.42311E+12
South Evanton,3/22/19 5:26,6.58,8.37719E+12
New Kimberlyborough,4/29/19 7:38,9.08,3.17192E+12
Hurleymouth,3/24/19 12:04,8.77,8.27479E+12
North Barbara,4/1/19 0:20,31.72,9.78616E+12
West Angela,2/22/19 2:22,19.44,3.79496E+12
Karenside,3/15/19 15:11,31.89,5.43826E+12
South Phillip,5/1/19 23:05,38.46,3.43854E+12
South Karenland,5/8/19 11:38,19.77,7.83716E+12
Royland,2/21/19 22:19,5.95,8.41947E+12
South Phillip,1/20/19 17:35,24,7.33538E+12
South Phillip,5/2/19 1:04,24.23,1.22973E+11
West Gabriel,3/9/19 4:39,14.41,8.73618E+12
South Karenland,1/14/19 2:07,24.71,8.61231E+12
Robertport,4/27/19 10:55,11.42,9.22956E+12
Roberthaven,2/12/19 7:58,37,4.69588E+12
West Christopherberg,1/11/19 21:37,44.76,2.73682E+12
Robertport,3/21/19 5:48,8.2,3.39977E+12
West Anthony,2/7/19 16:55,33.51,4.16312E+12
New Kimberlyborough,2/9/19 13:28,6.43,6.44715E+12
Loganberg,2/2/19 23:09,7.12,1.2735E+12
West Samuelburgh,1/11/19 1:36,25.07,1.50842E+11
New Kimberlyborough,4/24/19 18:35,28.87,7.93708E+12
Roberthaven,4/25/19 14:14,22.75,7.37017E+12
Barajasview,4/3/19 15:25,44.15,9.59616E+12
Royland,2/22/19 22:46,10.19,8.89872E+12
Rogerston,3/14/19 14:43,10.29,7.43476E+12
Christopherfurt,2/12/19 14:24,11.7,8.49351E+12
West Gabriel,2/20/19 6:07,8.44,6.91241E+12
South Karenland,4/18/19 13:07,8.56,7.55792E+12
Williamsview,4/26/19 0:30,20.89,2.56503E+12
Deanville,3/5/19 9:44,42.79,3.62495E+12
West Samuelburgh,1/16/19 3:43,14.93,5.01861E+11
North Barbara,2/14/19 11:29,4.11,7.67696E+12
Christopherfurt,3/10/19 7:36,22.65,5.00464E+12
Jerryton,2/1/19 16:39,37.7,9.58045E+12
South Latoya,2/9/19 20:42,12.17,9.00632E+12
South Latoya,3/4/19 12:20,5.04,9.8774E+12
West Gabriel,3/17/19 4:22,15.95,9.29707E+12
Lake Jonathanshire,1/23/19 21:43,21.11,7.71147E+12
North Jasmine,2/10/19 20:19,31.38,4.7468E+12
Raymondhaven,4/15/19 12:15,6.74,6.81407E+12
Port Johnbury,3/25/19 2:17,41.61,8.06055E+12
North Barbara,1/17/19 18:14,18.27,3.78378E+11
New Kimberlyborough,1/27/19 14:49,23.09,5.57554E+12
Carriemouth,2/26/19 5:24,19.05,1.9546E+12
West Samuelburgh,2/5/19 21:02,31.94,6.73338E+12
Martinezhaven,2/17/19 21:48,34.27,2.34041E+11
North Barbara,4/30/19 5:22,28.89,3.28092E+12
Valentineton,2/8/19 19:05,36.23,6.6674E+12
West Robert,2/9/19 5:16,26.1,18586563147
Roberthaven,4/7/19 16:53,13.4,4.90174E+12
West Gabriel,4/20/19 5:31,23.69,4.90612E+12
Karenberg,2/18/19 19:28,44.08,7.21687E+12
Rogerston,3/8/19 3:46,17.81,8.56469E+12
West Angela,1/12/19 1:55,20.46,5.24131E+12
New Kimberlyborough,4/1/19 12:09,10.76,9.12831E+12
Justinberg,2/20/19 15:05,31.31,9.20163E+12
South Michelleport,1/2/19 0:56,37.34,7.66098E+12
South Evanton,1/11/19 11:02,39.99,9.38941E+12
Johnton,4/11/19 13:41,33.12,7.2261E+12
Grahamburgh,4/3/19 13:27,5.09,8.56329E+12
Rogerston,2/16/19 2:04,20.64,8.14712E+12
South Karenland,4/21/19 11:42,7.44,3.54676E+12
North Barbara,3/8/19 9:24,29.15,96327208793
Jerryton,3/20/19 1:28,15.37,9.31768E+11
West Christopherberg,4/25/19 6:22,35.39,7.47724E+12
South Jack,2/13/19 9:20,32.64,8.80719E+11
Port Samanthamouth,1/28/19 23:59,15.49,3.26708E+12
New Paulton,3/29/19 19:12,43.79,7.06918E+12
Carriemouth,4/18/19 17:01,37.63,7.73687E+12
North Jasmine,2/27/19 1:34,35.31,9.25035E+12
Rogerston,1/16/19 8:38,31.34,1.32229E+11
Port David,2/3/19 1:11,21.2,5.71426E+11
Williamsview,4/11/19 20:41,33.68,2.74358E+12
South Evanton,4/26/19 4:37,42.99,4.02195E+12
South Evanton,3/25/19 15:50,23.48,4.59571E+12
Port David,4/7/19 23:44,39.51,5.95526E+12
West Christopherberg,2/8/19 23:04,14.22,3.72559E+12
New Paulton,3/19/19 23:42,40.2,8.20067E+12
Leahton,2/4/19 8:07,15.37,9.58833E+12
Valentineton,4/28/19 9:10,5.73,2.11077E+11
Port David,3/14/19 9:28,9.22,3.63609E+12
West Robert,2/12/19 1:20,14.8,8.06183E+12
Valentineton,1/2/19 1:46,34.79,6.36435E+12
Port Johnbury,2/20/19 4:27,27.1,3.55937E+12
Richardfort,3/4/19 22:13,14.83,9.47411E+12
Karenberg,1/8/19 13:51,9.5,1.45291E+12
West Robert,3/14/19 15:25,18.28,4.58273E+12
New Paulville,2/15/19 23:58,28.18,2.04263E+12
West Patrickchester,5/3/19 1:24,44.85,9.42108E+12
Loganberg,4/3/19 9:30,5.16,9.23486E+12
Pattyland,5/2/19 20:17,4.23,1.65885E+11
West Christopherberg,2/20/19 15:23,26.9,1.2419E+12
Leahton,2/5/19 18:06,8.38,5.89552E+12
Richardfort,3/28/19 19:33,7.75,5.53906E+12
West Anthony,3/11/19 12:23,41.37,1.13382E+12
East Kaylahaven,4/17/19 0:28,41.19,6.32034E+11
Williamsstad,4/1/19 17:37,16.83,1.5169E+12
South Phillip,2/12/19 22:04,23.69,3.66762E+12
West Samuelburgh,1/18/19 10:57,16.96,3.93667E+12
Royland,3/24/19 10:24,10.05,2.95667E+12
Justinberg,1/24/19 10:16,8.83,1.86337E+12
Karenberg,1/30/19 10:51,8.79,3.83247E+12
North Markport,4/9/19 14:55,20.23,2.5806E+12
Roberthaven,3/17/19 14:48,26.71,9.35152E+12
Royland,1/11/19 14:23,43.07,7.58051E+11
Hurleymouth,1/31/19 2:49,19.23,9.53734E+12
Roberthaven,4/22/19 4:12,31.29,4.10482E+12
Grahamburgh,3/16/19 10:03,30.66,4.73969E+12
Johnton,4/26/19 17:02,4.63,3.43531E+12
Huntermouth,5/7/19 8:47,25.83,9.61632E+11
Pattyland,3/19/19 20:41,18.17,9.39478E+12
West Robert,4/16/19 16:16,25.65,3.59878E+12
Leahton,4/13/19 10:54,18.25,6.16038E+12
Port Frank,4/18/19 0:39,33.73,2.26274E+12
Port Frank,2/28/19 7:39,33.83,1.26373E+12
West Josephberg,3/8/19 21:57,9.54,8.12252E+12
Grahamburgh,2/8/19 13:28,10.63,3.65433E+12
Williamsstad,5/6/19 19:34,26.43,8.9879E+12
North Barbara,3/27/19 9:44,33.4,5.61623E+12
South Phillip,4/17/19 18:42,42.3,1.29583E+12
Erikaland,2/5/19 4:51,14.13,9.87719E+12
Port Samanthamouth,1/19/19 19:54,38.58,2.62771E+12
North Jasmine,4/21/19 15:15,5.31,2.97864E+12
West Gabriel,4/27/19 0:34,37.74,7.63591E+12
Rodneyfort,2/6/19 11:01,27.87,9.79196E+12
New Paulton,4/27/19 23:26,19.06,2.00115E+11
Hurleymouth,4/22/19 2:31,9.14,5.56389E+12
South Phillip,3/2/19 7:23,30.62,4.97935E+12
West Ericstad,1/25/19 20:18,23.27,2.12808E+12
Port Samanthamouth,3/20/19 5:48,36.7,8.18658E+11
West Josephberg,1/17/19 5:32,7.87,2.30052E+12
Port Angela,3/10/19 19:24,43.18,1.88976E+12
West Gabriel,4/25/19 14:28,10.86,8.50153E+12
Hurleymouth,2/15/19 2:10,42.61,9.952E+12
Jerryton,4/18/19 6:08,42.8,2.66288E+12
Lake Danielberg,2/9/19 19:09,10.62,9.24172E+12
South Phillip,1/14/19 18:26,41.66,2.77317E+12
West Robert,3/28/19 15:00,35.88,2.84546E+12
New Kimberlyborough,4/28/19 12:48,33.35,9.50164E+12
New Paulville,5/2/19 18:20,12.08,6.16282E+11
West Josephberg,4/30/19 14:45,40.08,5.40556E+12
Erikaland,3/17/19 16:51,39.58,6.42263E+12
North Madeline,4/8/19 20:26,25.79,9.44148E+12
West Heidi,4/6/19 21:40,23.41,9.7868E+12
Reynoldsfurt,2/2/19 2:52,29.07,1.86421E+12
South Latoya,1/18/19 6:04,5.69,7.01359E+11
Amandaburgh,3/7/19 2:26,18.76,3.41945E+12
West Josephberg,1/20/19 1:27,38.39,4.39773E+12
Lake Jonathanshire,1/29/19 0:19,41.05,6.64969E+12
West Anthony,4/18/19 23:10,31.16,8.47826E+12
Raymondhaven,4/6/19 13:52,30.36,8.73307E+12
Hurleymouth,1/11/19 12:59,37.44,7.88363E+12
Roberthaven,1/28/19 10:23,21.72,7.32997E+12
New Paulville,4/29/19 23:05,14.59,3.63377E+12
Robertport,3/26/19 22:47,13.34,5.44815E+12
Port Frank,1/19/19 13:08,4.86,5.0846E+12
Rogerston,3/26/19 4:27,13.97,2.81992E+12
Liumouth,1/16/19 21:55,6.02,3.85218E+12
Lake Danielberg,1/21/19 12:52,14.09,9.56831E+12
West Josephberg,3/21/19 15:44,6.13,2.30387E+12
Leahton,1/15/19 2:30,21.95,1.79552E+12
Huntermouth,4/3/19 7:02,29.88,8.96762E+12
Lake Danielberg,5/3/19 15:35,19.97,5.54189E+11
Loganberg,2/21/19 13:09,7.49,6.41484E+11
North Madeline,2/16/19 15:06,37.75,1.4536E+12
Hurleymouth,4/9/19 9:17,20.31,2.51159E+12
Port Johnbury,3/30/19 20:43,19.48,5.13784E+12
Royland,5/7/19 14:58,36.22,2.53803E+12
Richardfort,2/14/19 3:27,44.11,2.50386E+12
Johnton,1/25/19 13:17,28.14,7.11047E+12
North Jason,4/12/19 6:19,33.12,1.71399E+12
South Phillip,1/5/19 17:50,41.55,8.82568E+12
Reynoldsfurt,1/21/19 16:07,25.19,1.03322E+12
West Ericstad,4/12/19 12:08,27.69,4.56796E+12
Richardfort,4/27/19 11:59,30.31,6.10645E+12
West Heidi,4/22/19 0:38,8.89,5.4084E+12
Johnton,3/4/19 10:30,36.76,3.27329E+12
West Angela,1/2/19 9:28,19.81,9.73997E+12
Leahton,2/28/19 20:02,31.01,2.1165E+12
Johnton,4/11/19 14:40,16.63,7.24846E+12
Port David,1/21/19 2:29,32.92,8.57957E+11
New Kimberlyborough,4/1/19 4:31,35.11,8.27582E+12
Port Frank,2/26/19 5:03,25.18,7.2808E+12
Barajasview,1/24/19 5:58,9.21,1.84107E+12
South Phillip,4/21/19 10:31,32.85,2.75233E+12
North Jasmine,4/3/19 13:15,19.66,9.20612E+12
New Kimberlyborough,3/13/19 9:48,14.84,1.83917E+12
North Jasmine,1/5/19 16:39,26.72,3.66906E+12
Reynoldsfurt,2/13/19 10:29,7.43,5.24443E+12
North Barbara,5/5/19 15:15,38.15,2.56007E+11
South Karenland,4/23/19 9:19,12.34,9.18579E+12
North Jasmine,4/17/19 7:34,22.41,4.19804E+12
East Kaylahaven,2/16/19 21:02,34.42,7.99961E+12
West Samuelburgh,3/7/19 20:34,34.22,1.12957E+12
Richardfort,3/3/19 11:57,11.42,2.91608E+12
West Heidi,2/19/19 21:08,7.64,8.96613E+12
Raymondhaven,5/8/19 4:39,18.45,1.81157E+12
North Markport,4/29/19 11:39,19.8,1.83902E+12
New Paulton,2/17/19 8:20,37.44,7.42967E+12
Karenside,1/25/19 3:33,19.6,4.71696E+12
South Jack,3/3/19 9:00,29.88,2.15339E+12
South Michelleport,1/20/19 5:30,34.72,6.38794E+12
North Jason,4/1/19 14:43,40.45,1.1017E+12
Joneschester,1/26/19 19:19,13.77,6.67814E+12
Amandaburgh,1/2/19 9:57,33.06,6.33066E+12
North Jason,3/28/19 18:03,42.75,4.27168E+12
Roberthaven,1/28/19 22:09,28.11,6.2282E+12
South Karenland,2/13/19 3:55,24.16,3.27462E+12
Rogerston,1/23/19 18:16,21.64,3.8497E+12
Robertport,2/14/19 4:42,18.38,9.07293E+12
West Samuelburgh,1/6/19 13:23,11.01,73344113439
New Paulton,4/6/19 16:21,38.8,8.52323E+12
Port Johnbury,4/12/19 3:43,8.42,39663640391
South Karenland,5/3/19 16:09,19.69,2.54283E+12
Liumouth,3/22/19 20:35,39.96,6.1625E+12
South Evanton,4/29/19 13:54,5.16,3.14703E+11
Huntermouth,4/20/19 9:38,23.65,3.49602E+12
Simpsonburgh,4/26/19 22:20,29.22,4.45263E+12
Valentineton,2/17/19 5:51,21.74,4.88223E+12
Deanville,1/12/19 7:32,39.45,4.19668E+11
South Karenland,4/27/19 16:20,6.62,9.44045E+12
Lake Jonathanshire,3/22/19 14:33,18.72,4.67597E+12
East Kaylahaven,3/1/19 15:07,23.45,3.21997E+12
Port David,4/12/19 5:32,35.51,2.98869E+12
West Gabriel,1/30/19 15:37,25.64,3.45871E+12
South Evanton,2/13/19 16:46,44.33,3.93348E+12
Richardfort,1/13/19 10:08,25.81,9.11091E+12
North Madeline,4/4/19 6:42,25.38,6.90704E+12
South Evanton,4/6/19 16:41,9.3,1.03705E+12
Royland,2/18/19 2:03,8.32,5.21311E+12
Hurleymouth,1/7/19 15:53,20.01,4.46237E+12
West Anthony,4/8/19 6:21,20.83,9.5823E+12
Martinezhaven,2/14/19 2:51,27.16,2.199E+12
North Jasmine,1/21/19 21:00,33.06,4.26301E+12
Carriemouth,4/15/19 8:00,40.03,2.66793E+12
Lake Scottton,1/21/19 4:20,21.81,2.94152E+11
Hurleymouth,1/17/19 17:07,24.86,9.29534E+12
North Barbara,3/17/19 17:07,6.12,5.47694E+12
Royland,4/23/19 1:14,40.39,3.38532E+11
North Jason,1/12/19 19:19,9.97,8.00061E+12
West Ericstad,1/27/19 4:30,29.05,7.59945E+12
Joneschester,3/13/19 6:10,27.79,1.26445E+12
North Madeline,5/3/19 0:07,16.44,2.12158E+11
Loganberg,2/18/19 11:58,23.98,9.36901E+12
West Patrickchester,4/7/19 17:41,33.9,3.85913E+12
Justinberg,4/4/19 23:19,19.38,3.73396E+12
Lake Jonathanshire,4/16/19 20:26,32.47,1.01387E+12
Karenside,3/4/19 20:36,25.21,9.10796E+12
North Madeline,2/4/19 18:56,9.84,9.47983E+12
West Josephberg,3/30/19 1:27,25.19,7.57579E+12
West Christopherberg,5/1/19 12:39,39.8,5.35029E+12
Lake Scottton,4/19/19 21:32,37.67,5.48729E+12
Simpsonburgh,5/4/19 11:41,33.11,2.86086E+12
South Karenland,1/23/19 5:56,22.54,9.06736E+11
South Evanton,2/26/19 6:48,7.81,7.41939E+11
New Paulville,1/2/19 20:52,33.08,2.36854E+12
Carriemouth,3/8/19 9:53,37.81,7.35066E+12
North Madeline,3/1/19 4:34,20.8,1.5751E+12
West Heidi,1/17/19 9:28,24.19,8.7981E+12
Amandaburgh,1/13/19 16:04,23.35,9.97508E+12
Valentineton,3/6/19 4:48,38.88,2.76294E+12
South Phillip,3/23/19 16:36,40.07,2.30785E+12
West Angela,2/22/19 4:05,23.09,5.99167E+12
Erikaland,4/25/19 11:18,34.05,5.67382E+12
Loganberg,4/23/19 9:19,32.4,2.44843E+12
West Heidi,1/1/19 5:23,10.75,6.57151E+12
South Michelleport,1/27/19 13:10,30.16,3.94853E+12
Christopherfurt,3/15/19 10:22,34.09,1.26452E+12
North Markport,4/6/19 2:16,18.15,7.26861E+12
West Anthony,2/10/19 9:16,38.54,8.95001E+12
South Phillip,4/16/19 22:02,24.63,7.8609E+12
South Phillip,1/7/19 2:17,6.54,1.97654E+11
Williamsview,3/2/19 22:23,25.15,5.05061E+12
Port Frank,1/5/19 18:22,35.35,1.91878E+12
West Angela,3/18/19 15:57,13.06,7.20662E+12
Liumouth,4/14/19 14:58,25.28,7.89175E+12
Port Frank,5/3/19 20:22,21.11,9.06392E+12
Jerryton,3/4/19 14:14,22.91,3.49891E+12
Richardfort,3/6/19 12:53,8.28,5.1276E+12
Lake Danielberg,1/14/19 22:04,24.14,7.95889E+12
South Evanton,1/17/19 2:00,34.55,3.37326E+12
Williamsview,1/25/19 0:47,41.17,4.83888E+12
South Jack,1/29/19 20:13,43.12,6.0467E+12
Justinberg,2/13/19 23:56,10.18,3.14351E+12
Liumouth,4/29/19 6:57,23.99,8.19442E+11
South Jack,1/9/19 20:31,21.13,6.05592E+12
South Michelleport,3/29/19 8:33,11.06,9.97982E+12
Hurleymouth,2/23/19 1:34,31.97,1.99008E+12
West Samuelburgh,2/22/19 22:11,17.35,3.94301E+12
North Barbara,4/9/19 17:12,6.68,2.53541E+12
Royland,1/20/19 12:13,6.66,4.29234E+12
Lake Scottton,4/8/19 11:19,44.03,9.0529E+12
Raymondhaven,4/30/19 19:54,29.84,7.62828E+12
Lake Scottton,5/8/19 13:10,18.04,5.61626E+12
Martinezhaven,5/7/19 5:55,6.89,3.26625E+12
Lake Scottton,2/8/19 17:29,34.95,7.92883E+12
Richardfort,2/5/19 16:12,42.22,4.05109E+12
West Josephberg,4/11/19 3:53,18.65,6.03478E+12
New Paulville,3/5/19 15:43,23.75,9.55803E+12
South Phillip,5/7/19 2:52,36.51,2.37346E+12
South Karenland,3/22/19 4:17,15.54,1.30552E+12
Valentineton,1/22/19 2:15,17.74,6.34895E+12
South Evanton,5/7/19 12:30,34.03,3.18259E+12
Pattyland,4/19/19 12:57,4.55,6.86369E+12
Port Samanthamouth,3/15/19 9:03,5.62,6.91179E+12
East Kaylahaven,1/11/19 10:41,8.02,9.77856E+12
North Madeline,2/27/19 11:42,36.87,9.53191E+12
Richardfort,4/4/19 15:04,16.35,6.07791E+12
South Michelleport,2/11/19 8:12,28.03,3.12931E+12
Port Johnbury,1/21/19 5:10,32.68,2.77259E+11
Liumouth,1/18/19 15:26,20.68,9.84552E+11
South Evanton,4/8/19 1:01,5.62,1.33603E+12
Richardfort,3/5/19 16:00,4.85,3.29154E+12
New Jacobville,2/7/19 11:07,26.09,3.5177E+12
East Kaylahaven,2/4/19 2:25,38.13,2.8893E+12
Williamsstad,1/20/19 18:47,18.79,5.02316E+12
Lake Jonathanshire,4/11/19 19:49,25.92,8.53381E+12
Port Samanthamouth,4/25/19 3:29,9.44,4.79395E+12
South Karenland,3/30/19 1:56,20.21,2.90344E+12
West Christopherberg,3/10/19 22:42,7.98,5.72936E+12
Lake Scottton,3/29/19 13:33,35.36,3.70631E+12
East Kaylahaven,1/24/19 16:52,31.4,7.43041E+12
Raymondhaven,4/4/19 6:46,41.45,2.8932E+12
Port Frank,3/19/19 15:21,22.63,9.90838E+12
New Paulville,4/24/19 2:25,13.32,8.56432E+12
Karenberg,4/30/19 21:38,5.7,7.64452E+12
Barajasview,3/24/19 6:34,12.24,7.66512E+11
North Jason,2/10/19 6:34,25.36,8.59485E+12
Barajasview,4/18/19 8:44,12.35,6.12226E+12
New Kimberlyborough,4/3/19 20:23,33.74,6.32906E+12
West Samuelburgh,1/31/19 17:10,9.67,8.85167E+12
West Heidi,3/21/19 0:26,9.06,6.61875E+12
Port Frank,1/16/19 22:42,11.97,8.71133E+12
West Samuelburgh,4/8/19 12:38,14.52,2.48052E+12
West Gabriel,5/1/19 4:34,8.67,4.25758E+11
Loganberg,4/18/19 11:16,16.36,4.72884E+12
West Josephberg,5/7/19 10:11,29.66,2.61962E+11
South Michelleport,2/2/19 11:56,12.77,1.40738E+12
Christopherfurt,4/14/19 3:24,39.91,2.53266E+11
Justinberg,4/14/19 23:08,7.75,8.86006E+12
South Michelleport,3/12/19 9:06,25.1,7.10908E+12
West Angela,4/10/19 17:06,31.03,3.52434E+12
South Karenland,2/2/19 14:50,10.54,4.51104E+12
Carriemouth,5/4/19 10:28,41.54,1.10233E+12
Pattyland,1/9/19 8:20,41.04,3.5255E+12
West Samuelburgh,3/4/19 12:38,28.18,9.68455E+12
North Barbara,2/3/19 23:57,11.54,5.81443E+12
Jerryton,2/20/19 18:45,28.24,4.14722E+12
Leahton,3/6/19 20:26,14.87,3.83989E+12
North Jasmine,2/6/19 19:23,9.12,3.92898E+12
South Karenland,1/3/19 6:18,39.16,5.4886E+12
Grahamburgh,3/19/19 14:30,33.14,4.37743E+12
West Robert,3/29/19 4:22,17.53,8.3367E+12
Williamsview,2/18/19 2:31,18.75,4.14843E+12
Barajasview,1/4/19 9:32,12.25,1.65711E+12
Williamsview,1/1/19 14:40,5.42,5.67617E+12
West Ericstad,2/5/19 15:30,30.89,2.46403E+12
Lake Danielberg,1/5/19 17:44,28.79,9.79209E+12
Barajasview,3/29/19 1:02,29.55,3.83835E+12
Liumouth,3/3/19 5:13,26.6,4.27897E+12
West Patrickchester,3/6/19 0:02,31.33,2.57412E+12
Lake Scottton,1/13/19 13:34,24.81,3.95503E+11
Liumouth,1/4/19 21:06,34.77,8.50062E+12
Williamsstad,1/3/19 10:03,17.16,28294640252
Lake Danielberg,2/4/19 17:32,24.49,8.59545E+11
Justinberg,2/28/19 21:39,14.4,1.13186E+12
Jerryton,3/7/19 5:24,15.82,8.11235E+12
New Jacobville,3/12/19 14:47,28.12,3.35477E+12
Loganberg,1/3/19 6:49,34.42,2.37725E+11
West Patrickchester,3/2/19 20:29,25.28,8.92071E+12
South Evanton,1/2/19 6:55,16.96,9.4077E+12
North Markport,5/4/19 15:30,28.93,1.47166E+12
Port Angela,4/2/19 22:13,25.84,8.02244E+12
Richardfort,4/14/19 11:56,43.01,7.63601E+12
Rogerston,1/27/19 19:45,13.4,9.76436E+12
East Kaylahaven,2/11/19 21:07,4.75,9.78298E+12
Raymondhaven,2/28/19 5:23,21.78,1.85383E+12
Loganberg,2/20/19 9:42,41.16,4.36066E+12
South Jack,2/17/19 9:55,18.08,3.66666E+12
West Ericstad,5/5/19 0:44,7.76,8.379E+12
Port Frank,2/21/19 18:44,19.81,2.18514E+12
Simpsonburgh,1/23/19 20:35,39.95,1.10866E+12
Simpsonburgh,1/8/19 5:59,13.01,9.41335E+12
South Evanton,2/8/19 18:08,38.21,56240519093
Loganberg,3/30/19 21:22,40.8,3.17202E+12
New Paulville,3/8/19 15:08,18.35,3.73613E+12
East Kaylahaven,4/30/19 8:22,37.41,1.75979E+12
West Gabriel,1/31/19 2:31,6.8,1.04228E+12
South Phillip,3/15/19 8:24,22.28,6.02373E+12
Richardfort,1/21/19 23:20,10.91,3.56761E+12
Williamsview,3/22/19 22:31,15.85,8.54953E+12
West Patrickchester,2/16/19 2:15,12.15,9.17737E+12
North Jason,5/7/19 20:05,24.2,3.91568E+12
Karenberg,4/13/19 5:14,23.73,4.05641E+11
East Kaylahaven,3/24/19 13:53,32.21,6.71006E+12
Lake Jonathanshire,4/9/19 21:41,15.96,5.77276E+11
Williamsstad,3/12/19 11:08,13.79,5.77164E+12
Deanville,1/28/19 3:13,31.65,6.4977E+11
South Latoya,2/25/19 23:06,25.87,4.91156E+12
South Karenland,2/26/19 13:01,38.05,4.45164E+11
Justinberg,1/27/19 7:35,28.41,3.49488E+12
South Michelleport,4/21/19 15:29,36.47,3.39469E+12
Lake Jonathanshire,1/16/19 9:27,26.27,3.26766E+12
Jerryton,3/25/19 12:14,9.64,9.4837E+12
Grahamburgh,2/23/19 14:58,41.98,3.68757E+12
South Karenland,2/26/19 20:40,35.61,8.41397E+12
Johnton,4/29/19 7:50,17.89,1.26625E+12
Justinberg,1/24/19 19:32,38.79,1.68719E+12
Grahamburgh,2/2/19 3:52,22.53,6.58308E+12
North Markport,1/17/19 11:37,8.68,9.30356E+11
Port Samanthamouth,1/1/19 21:04,11.71,1.84966E+12
West Angela,4/11/19 6:59,29.06,7.13854E+11
Port David,3/3/19 11:38,13.41,6.41354E+12
Christopherfurt,2/23/19 8:31,15.61,8.29529E+12
Lake Scottton,2/27/19 7:09,9.43,8.16781E+12
Valentineton,1/3/19 5:56,37.4,4.18129E+12
Jerryton,2/19/19 13:59,21.27,2.52355E+12
Reynoldsfurt,3/21/19 17:25,11.97,9.40611E+12
Hurleymouth,2/24/19 15:39,8.33,2.05179E+12
South Latoya,3/13/19 1:15,16.01,2.75506E+12
North Jasmine,3/21/19 18:31,39.02,7.92553E+12
Richardfort,3/16/19 23:00,21.39,2.37473E+11
Roberthaven,5/3/19 5:43,42.15,2.59337E+12
South Michelleport,1/5/19 5:57,39.9,6.10707E+12
Port Johnbury,1/15/19 18:45,40.32,2.121E+12
Loganberg,1/31/19 15:03,20.36,1.81676E+12
Robertport,4/30/19 23:36,14.81,1.46874E+12
South Michelleport,2/27/19 2:00,10.4,6.4751E+12
New Jacobville,3/3/19 5:28,41.39,3.09155E+12
Martinezhaven,4/12/19 6:49,11.55,9.3063E+12
West Gabriel,4/8/19 21:34,13.31,8.62991E+12
South Jack,4/10/19 1:23,29.97,6.13496E+12
New Paulville,1/5/19 8:35,21.57,3.71314E+12
Royland,1/11/19 9:50,18.42,5.57837E+12
Roberthaven,1/15/19 21:25,30.42,5.91251E+12
Justinberg,3/12/19 16:33,24.41,3.08565E+12
West Angela,2/21/19 8:28,40.55,1.8321E+12
North Madeline,1/30/19 18:20,16.5,8.65191E+12
Port Angela,2/3/19 6:01,6.42,9.46522E+12
North Jason,3/30/19 6:31,12.04,6.61757E+12
West Patrickchester,4/18/19 11:41,29.12,8.00982E+12
North Jason,3/27/19 19:19,30.66,3.37133E+12
West Anthony,2/3/19 18:24,19.66,2.90928E+12
Liumouth,4/29/19 19:55,32.1,2.69675E+12
Martinezhaven,4/13/19 19:46,40.2,8.8566E+12
West Josephberg,1/12/19 12:45,5.77,5.09474E+12
Simpsonburgh,1/5/19 16:36,39.44,2.52492E+11
New Paulville,1/5/19 17:16,44.68,3.08438E+12
Christopherfurt,2/4/19 12:11,41.12,8.0774E+11
Johnton,3/15/19 21:16,30.27,1.60498E+12
South Jack,2/6/19 12:17,7.71,6.33202E+12
Joneschester,3/28/19 7:41,7.56,4.60611E+12
Lake Danielberg,2/23/19 13:51,9.25,8.3041E+12
Port Frank,1/18/19 11:45,19.98,4.49344E+12
Lake Jonathanshire,1/21/19 12:12,37.25,2.96654E+12
Rogerston,3/7/19 12:09,27.26,9.44596E+12
South Karenland,1/2/19 21:27,19.57,7.2722E+12
West Gabriel,1/15/19 18:25,11.71,3.84243E+12
West Gabriel,1/12/19 16:34,31.98,2.98688E+12
Robertport,3/17/19 22:50,14.61,8.50145E+12
West Christopherberg,4/3/19 12:01,33.03,1.47876E+12
Lake Scottton,4/2/19 21:10,43.2,3.92721E+12
West Christopherberg,2/7/19 1:24,10.91,3.7308E+12
West Anthony,4/18/19 8:11,11.2,3.22174E+12
Robertport,4/16/19 9:48,36.11,5.88655E+12
Erikaland,3/27/19 8:27,26.25,4.8088E+12
Williamsview,1/17/19 4:00,32.29,7.45158E+12
West Robert,1/30/19 11:32,43.02,7.20018E+12
Hurleymouth,2/6/19 0:10,32.93,4.14023E+12
New Paulton,2/21/19 2:37,27.56,3.95458E+12
Deanville,1/7/19 19:34,21.5,9.422E+12
Karenside,1/12/19 1:28,37.73,1.87305E+12
New Paulton,3/12/19 13:53,38.26,79314274773
Port Samanthamouth,4/9/19 20:55,24.99,6.74323E+12
South Phillip,5/3/19 11:43,8.3,8.58023E+12
Lake Danielberg,2/6/19 4:11,29.96,2.332E+12
Martinezhaven,2/6/19 10:58,40.29,4.66519E+12
Pattyland,4/12/19 11:58,28.65,6.92423E+12
Port Johnbury,2/5/19 16:04,7.44,3.00833E+12
Richardfort,3/22/19 4:41,16.35,5.93424E+12
Valentineton,2/17/19 19:23,37.19,5.02045E+12
Rodneyfort,4/19/19 9:46,35.79,9.9172E+12
West Christopherberg,4/19/19 4:53,22.86,9.74885E+12
Valentineton,3/8/19 7:57,43.59,5.85967E+12
New Jacobville,2/21/19 8:59,40.05,3.01798E+12
Joneschester,5/5/19 2:00,21.74,2.72918E+12
Johnton,1/14/19 10:53,19.68,8.53436E+12
West Heidi,1/29/19 8:17,38.68,4.81894E+12
West Christopherberg,4/11/19 14:46,4.88,7.74085E+12
West Angela,3/17/19 9:42,23.45,7.76633E+12
South Evanton,1/9/19 15:10,40.73,6.52965E+12
West Gabriel,1/23/19 5:22,40.17,9.15793E+12
Carriemouth,4/5/19 2:03,38.17,8.1612E+12
West Ericstad,3/18/19 15:28,23.62,6.20924E+12
North Jasmine,4/22/19 15:53,6.49,1.61729E+12
Martinezhaven,4/30/19 0:42,36.07,1.51773E+12
West Gabriel,2/17/19 7:39,17.03,4.38581E+12
Liumouth,3/6/19 4:42,37.4,6.02124E+11
Roberthaven,5/2/19 21:36,21.8,3.45671E+12
West Angela,2/21/19 12:29,27.68,7.91846E+11
West Robert,2/1/19 11:37,30.94,2.18488E+11
Carriemouth,4/27/19 20:41,8.28,4.51752E+11
North Jason,1/8/19 23:32,10.74,1.77736E+12
West Angela,4/13/19 21:50,28.75,3.69751E+12
Reynoldsfurt,2/3/19 10:14,6.34,5.56069E+12
Lake Jonathanshire,4/11/19 21:32,22.48,3.50546E+12
New Kimberlyborough,2/5/19 11:23,18.02,3.97912E+12
Jerryton,3/23/19 8:27,37.89,4.27522E+12
Joneschester,3/4/19 18:00,41.65,9.83027E+12
Lake Jonathanshire,2/16/19 1:49,17.58,3.64178E+12
Richardfort,1/3/19 1:06,5.32,3.26884E+12
Deanville,1/29/19 21:11,25.39,9.62339E+12
Richardfort,3/29/19 15:16,37.76,4.80269E+12
Royland,3/23/19 12:21,13.7,8.50573E+12
Jerryton,4/20/19 18:57,29.84,8.12967E+12
Lake Jonathanshire,1/17/19 13:15,28.42,6.54422E+12
Karenberg,4/24/19 12:57,34.67,6.99554E+12
Joneschester,2/17/19 10:04,10.52,3.38231E+12
Rogerston,2/27/19 3:58,27.4,6.53537E+12
North Jason,1/11/19 5:08,19.64,6.87701E+12
Reynoldsfurt,4/11/19 23:49,38.35,6.51789E+12
Rogerston,1/26/19 14:42,11.13,9.1174E+12
Grahamburgh,3/11/19 8:09,34.53,1.66809E+12
Lake Jonathanshire,1/21/19 9:48,22.36,2.5221E+12
Lake Danielberg,3/5/19 23:23,44.77,9.04235E+11
Liumouth,1/30/19 8:51,22.9,2.85206E+12
West Gabriel,1/28/19 22:22,5.58,8.43799E+12
North Jason,1/24/19 1:46,40.15,6.72007E+12
West Robert,3/16/19 16:27,42.89,3.37131E+12
Huntermouth,1/24/19 17:07,42.36,2.8811E+12
Karenside,1/17/19 12:18,11.6,2.89616E+12
Karenberg,2/19/19 16:11,12.25,3.87193E+12
Amandaburgh,1/29/19 23:28,41.06,4.29686E+12
West Robert,2/18/19 11:51,44.97,3.41568E+11
Pattyland,1/12/19 20:07,17.85,1.71752E+12
West Robert,2/19/19 0:53,40.64,5.09E+12
Lake Jonathanshire,2/23/19 6:10,26.63,5.37249E+12
Raymondhaven,3/31/19 14:58,7.67,3.67767E+12
New Kimberlyborough,4/24/19 2:21,37.73,2.21122E+12
North Jasmine,5/8/19 7:29,18.55,5.68202E+12
Reynoldsfurt,2/9/19 17:49,21.02,6.19709E+12
West Anthony,3/8/19 10:33,41.3,1.15469E+12
West Christopherberg,1/30/19 8:11,16.85,7.33726E+12
Erikaland,2/11/19 3:01,35.89,1.69228E+12
Port Samanthamouth,2/2/19 1:57,39.28,2.67126E+12
New Jacobville,4/30/19 11:44,5.6,3.97572E+12
Huntermouth,3/27/19 11:50,22.64,9.53674E+12
Joneschester,3/19/19 1:52,42.74,4.49621E+12
Port Frank,1/15/19 7:42,30.93,8.72614E+12
Leahton,3/3/19 1:24,43.44,4.29092E+12
Raymondhaven,2/7/19 16:19,38.67,8.35296E+12
South Latoya,4/22/19 12:29,27.54,3.39138E+12
West Ericstad,3/4/19 12:31,43.98,6.43494E+12
Liumouth,4/12/19 2:27,10.53,8.95452E+12
Port Johnbury,4/25/19 0:15,10.26,2.97708E+12
Robertport,4/18/19 6:58,24.48,4.26763E+12
South Michelleport,4/27/19 11:18,27.89,3.55231E+11
Grahamburgh,2/16/19 12:22,30.23,5.12414E+12
Liumouth,4/2/19 16:53,25.56,9.54429E+12
Grahamburgh,4/10/19 1:16,37.67,1.44887E+12
Rogerston,2/3/19 21:09,4.41,1.71871E+12
New Paulville,1/21/19 20:51,33.47,8.22124E+12
Liumouth,2/28/19 15:20,30.3,2.08181E+12
Port Frank,2/6/19 3:34,34.86,3.93596E+12
Loganberg,2/21/19 18:53,36.21,8.54227E+12
Karenside,3/21/19 23:26,26.69,7.72892E+12
West Angela,4/14/19 12:28,39.95,7.95004E+12
West Josephberg,1/31/19 13:24,38.28,4.1956E+12
West Samuelburgh,2/22/19 18:15,7.13,2.71785E+12
Lake Danielberg,2/6/19 19:59,30.31,3.3967E+12
Johnton,1/31/19 11:17,23.36,3.67134E+12
West Ericstad,1/21/19 12:14,8.07,7.50604E+12
Lake Scottton,4/18/19 23:06,4.36,5.84381E+12
North Jasmine,4/17/19 10:37,11.76,4.45094E+12
North Jason,4/15/19 17:35,42.29,5.00803E+12
North Jason,3/4/19 10:14,38.49,3.33803E+12
Lake Danielberg,2/17/19 5:30,11.7,4.87433E+12
Christopherfurt,4/4/19 1:11,24.47,5.71641E+11
Port Johnbury,1/4/19 2:56,32.75,1.73729E+12
Port Angela,5/4/19 9:50,21.62,6.30251E+12
Port Frank,4/28/19 9:03,15,7.32119E+12
North Barbara,1/8/19 5:21,25.84,3.50517E+12
North Jason,4/14/19 19:46,8.05,7.83372E+12
Barajasview,1/12/19 23:20,21.64,3.01003E+12
North Jasmine,1/13/19 16:18,16.92,5.89668E+12
South Karenland,4/25/19 5:20,36.71,7.08537E+12
West Gabriel,2/20/19 9:30,28.13,7.46721E+12
Carriemouth,3/25/19 21:25,26.4,4.29352E+12
Huntermouth,3/17/19 15:43,30.31,6.90976E+12
Valentineton,1/12/19 5:52,42.31,5.90146E+12
East Kaylahaven,1/29/19 6:40,26.79,5.03819E+12
Lake Danielberg,4/12/19 5:18,41.45,5.3387E+12
West Robert,1/15/19 8:14,33.91,2.16116E+12
Williamsstad,4/4/19 6:55,31.52,7.78427E+11
Port David,4/22/19 23:30,30.03,7.35559E+12
Karenside,3/3/19 18:15,19.19,1.72349E+12
Valentineton,3/16/19 23:59,5.23,7.40781E+12
New Kimberlyborough,4/3/19 3:36,43.07,5.60378E+12
New Jacobville,4/20/19 5:31,13.35,9.25917E+12
Joneschester,4/13/19 18:44,27.36,7.53038E+12
Joneschester,4/20/19 9:40,30.12,8.9725E+12
Jerryton,3/24/19 12:17,31.47,5.42425E+12
Grahamburgh,1/3/19 15:37,17.61,7.87723E+12
Royland,1/18/19 0:03,32.11,4.54884E+12
West Robert,3/10/19 20:00,6.74,6.67518E+12
Karenside,2/19/19 20:56,17.41,1.21725E+12
Williamsview,4/18/19 2:07,39.79,8.74553E+12
Simpsonburgh,3/3/19 8:45,7.63,4.17678E+12
West Angela,5/7/19 1:03,12.35,2.05051E+12
West Heidi,1/15/19 11:49,21.44,83498621902
Leahton,3/13/19 9:17,36.79,6.21413E+12
Reynoldsfurt,2/14/19 11:25,39.4,9.07069E+12
Christopherfurt,3/13/19 1:47,32.05,2.78882E+12
Raymondhaven,3/20/19 2:20,38.53,8.65826E+12
Port Johnbury,3/26/19 7:22,7.63,8.08928E+12
West Gabriel,5/5/19 1:24,27.57,4.42877E+12
Barronchester,1/27/19 3:08,27.79,6.65362E+12
East Kentstad,4/7/19 19:44,18.75,6.57596E+12
Lake Omar,1/17/19 21:33,21.71,9.66912E+11
Myersshire,2/27/19 17:38,17.1,5.70677E+12
West Hannah,4/19/19 1:06,37.78,2.27305E+12
East Marymouth,3/29/19 8:36,37.6,6.37086E+12
New Raymond,2/25/19 21:40,20.44,5.98451E+12
Lake Robertside,1/11/19 20:17,46.51,6.57433E+12
Josephside,3/30/19 9:45,44.74,5.59269E+12
Brandonfort,1/14/19 12:35,28.02,8.10026E+12
Josephside,2/7/19 6:56,31.94,3.18569E+12
New Raymond,3/21/19 1:45,22.12,6.03176E+12
Lewisland,2/14/19 17:38,42.31,5.80386E+11
East Kentstad,1/22/19 20:43,35.01,8.75087E+12
Myersshire,4/29/19 6:08,17.99,1.1271E+12
Myersshire,1/10/19 6:32,45.81,7.01426E+12
Lewisland,1/30/19 15:08,32.4,5.09921E+12
West Hannah,3/22/19 20:18,25.86,7.62491E+12
North Richardhaven,2/18/19 10:21,41.54,4.26738E+12
New Olivia,3/29/19 2:52,44.12,7.72447E+12
New Shannonberg,3/19/19 8:13,25.46,3.74753E+11
Barronchester,5/5/19 4:03,30.38,2.28152E+12
Nicolechester,2/9/19 12:26,40.83,85473064902
New Raymond,3/18/19 12:07,36.26,3.15141E+12
New Raymond,5/3/19 12:23,48.56,9.49503E+12
Victoriaport,4/21/19 15:21,12.13,3.31312E+12
South Teresa,1/29/19 12:51,38.47,5.74618E+12
North Richardhaven,4/7/19 0:32,36.32,5.01429E+12
East Aaronbury,3/19/19 10:43,20.04,4.11747E+12
South Teresa,2/23/19 4:35,46.02,4.62313E+12
Bethanyland,4/1/19 22:04,38.71,8.22108E+12
Lake Scott,1/10/19 11:08,37.96,8.13067E+12
East Marymouth,1/16/19 15:44,46.2,1.18197E+12
North Jeffrey,2/4/19 22:35,29.87,7.90957E+12
Rodriguezview,3/27/19 19:44,49.65,8.74896E+12
Bethanyland,3/15/19 19:42,37.09,6.24319E+12
East Kentstad,5/1/19 17:35,39.29,1.98661E+12
Myersshire,1/6/19 11:43,22.8,4.99304E+11
Lake Robertside,3/5/19 11:48,29.12,4.05849E+12
Sotoville,3/29/19 22:38,34.97,7.31396E+12
South Brenda,4/28/19 4:21,27.86,5.85721E+12
Port Shane,4/9/19 15:34,27.66,4.02234E+12
Lake Omar,3/26/19 5:52,48.26,5.01409E+12
Lake Robertside,4/30/19 20:45,22.26,2.02043E+11
Lake Robertside,3/18/19 8:04,44.21,9.83985E+12
South Brenda,4/21/19 3:08,17.8,3.50092E+12
North Timothy,4/6/19 10:06,38.39,4.78127E+12
Nicolechester,4/10/19 4:41,38.08,8.12209E+12
Port Shane,4/23/19 16:05,42.26,8.34198E+12
New Shannonberg,4/20/19 2:52,30.82,6.82964E+12
Veronicaberg,1/19/19 23:24,19.28,2.35108E+12
West Hannah,1/9/19 3:44,14.41,1.04491E+12
Port Shane,3/2/19 12:06,14.95,2.8032E+12
Nicolechester,3/8/19 19:51,16.35,1.0458E+12
Victoriaport,4/22/19 12:38,16.31,6.06917E+12
New Raymond,1/5/19 17:58,22.5,7.83289E+12
New Shannonberg,2/1/19 4:31,34.09,8.58872E+12
East Marymouth,4/27/19 5:31,36.11,8.30746E+12
Williamsonville,1/9/19 23:59,48.73,6.50771E+12
East Kentstad,4/19/19 21:05,22.42,1.13656E+12
Victoriaport,2/2/19 19:14,25.68,8.99739E+12
New Raymond,1/2/19 15:38,45.32,8.88111E+12
Victoriaport,4/2/19 17:12,12.19,6.9883E+12
Barronchester,4/25/19 19:11,36.13,2.66018E+12
Brandonfort,4/8/19 20:02,35.64,6.10953E+12
Lewishaven,4/19/19 1:08,21.92,7.10899E+12
Brandonfort,3/22/19 16:17,38.66,4.74854E+12
Port Shane,3/26/19 4:33,19.03,6.0104E+12
East Marymouth,3/21/19 11:01,17.43,1.62134E+12
New Shannonberg,1/15/19 12:26,35.34,7.44588E+12
New Shannonberg,5/5/19 5:25,16.77,8.38978E+12
Lake Ann,2/14/19 17:13,42.13,6.1924E+12
Victoriaport,3/14/19 3:47,16.5,7.10691E+12
North Richardhaven,1/22/19 14:55,18.45,2.62773E+12
Rodriguezview,4/20/19 0:03,23.58,3.28996E+12
Grayville,4/6/19 3:38,18.11,6.20377E+12
Lake Robertside,1/13/19 18:22,28.37,5.19968E+12
West Hannah,2/1/19 2:36,33.85,8.29656E+12
New Olivia,2/5/19 19:25,47.15,7.73682E+12
Grayville,4/28/19 11:40,43.22,6.01891E+12
Port Shane,3/15/19 12:09,31.58,2.55298E+12
Myersshire,3/26/19 11:33,28.71,2.18065E+12
Lake Ann,4/30/19 11:42,14.56,5.47077E+12
Colemanland,4/20/19 2:52,20.83,2.98157E+12
West Kimmouth,1/4/19 10:24,20.69,1.68721E+12
Lake Ann,3/6/19 8:49,13.61,1.25755E+12
Lake Scott,4/29/19 22:08,25.75,4.95951E+12
Mezachester,3/25/19 12:57,21.89,2.29483E+12
Brandonfort,5/2/19 3:14,48.63,4.44358E+12
Lake Scott,3/26/19 8:40,26.24,1.98031E+12
Veronicaberg,4/24/19 19:16,49.45,5.87763E+12
Lewisland,1/25/19 20:46,32.38,8.33223E+12
Lake Scott,5/7/19 12:33,21.72,7.62606E+12
East Marymouth,4/3/19 12:18,26.93,3.38403E+12
Sotoville,4/22/19 1:33,46.5,7.08815E+12
North Richardhaven,3/3/19 6:14,18.17,3.25203E+12
New Shannonberg,2/9/19 4:01,37.52,3.10791E+12
New Raymond,5/1/19 5:16,14.2,1.53509E+12
Brandonfort,1/2/19 1:41,49.95,1.29847E+12
Lake Scott,1/3/19 17:02,47.97,8.02488E+12
Nicolechester,5/2/19 19:37,36.59,6.82145E+12
East Marymouth,5/1/19 20:10,13.17,9.05267E+12
Myersshire,1/25/19 5:27,35.65,3.45946E+12
Nicolechester,3/4/19 3:06,27.67,1.79041E+12
Davidfurt,1/5/19 13:42,31.48,1.95392E+12
Josephside,3/12/19 19:25,29.47,1.69718E+12
Myersshire,1/2/19 16:59,33.62,6.48972E+12
Sotoville,1/25/19 6:31,24.13,7.37216E+12
Veronicaberg,2/2/19 3:49,26.42,8.45679E+12
Josephside,1/18/19 6:31,33.07,7.12966E+12
Rodriguezview,2/17/19 14:10,22.76,2.75037E+12
Lewisland,4/8/19 19:51,35.16,5.71557E+12
Sotoville,4/23/19 20:31,34.87,99483095214
Davidfurt,1/17/19 17:58,28.28,6.64786E+12
Mezachester,1/22/19 0:59,40.67,1.9569E+12
Josephside,3/3/19 19:43,17.39,1.28038E+12
Mezachester,3/18/19 2:32,40.81,9.43115E+12
New Shannonberg,2/26/19 12:23,16.39,1.10594E+12
East Marymouth,3/8/19 4:55,43.79,1.70317E+12
South Brenda,1/19/19 0:13,44.36,6.10819E+12
Colemanland,3/5/19 4:33,13.39,8.89492E+12
New Shannonberg,5/3/19 21:53,34.08,1.76783E+12
East Aaronbury,3/16/19 11:15,20.59,6.15302E+12
East Aaronbury,1/27/19 9:53,28.56,5.98108E+12
East Danielview,2/25/19 3:54,26.33,5.13607E+11
Barronchester,3/31/19 6:05,44.24,1.25289E+12
Mezachester,4/26/19 3:30,30.75,3.18164E+12
South Teresa,4/2/19 4:02,23.78,2.95848E+11
East Kentstad,3/24/19 2:53,31.53,1.90726E+12
Brandonfort,3/19/19 5:49,45.52,2.01086E+11
New Shannonberg,5/7/19 7:08,20.52,8.3137E+12
Grayville,2/19/19 19:52,19.52,9.23398E+12
South Teresa,3/28/19 4:27,17.5,9.66511E+12
East Marymouth,3/12/19 10:46,38.26,5.23767E+12
Lake Robertside,4/10/19 3:39,34.14,9.36351E+12
Colemanland,3/2/19 2:11,36.81,1.16924E+11
South Brenda,1/10/19 0:17,47.52,3.06909E+12
Lewisland,1/28/19 11:38,35.6,9.36825E+12
New Raymond,1/15/19 12:51,47.01,3.56811E+12
North Richardhaven,1/1/19 14:52,31.15,7.18858E+12
Josephside,4/17/19 5:45,32.72,6.31791E+12
Nicolechester,4/5/19 1:38,19.57,1.10947E+12
Veronicaberg,1/18/19 10:33,33.04,4.34135E+12
Colemanland,2/20/19 4:19,43.09,8.70031E+12
Lewishaven,4/20/19 3:54,21.23,8.13952E+12
Mezachester,1/6/19 2:08,39.83,8.42238E+12
Williamsonville,2/1/19 17:54,38.9,1.24799E+12
Josephside,1/17/19 18:16,35.68,4.97337E+12
New Olivia,4/17/19 19:11,30.81,1.52129E+12
East Marymouth,1/27/19 12:18,43.06,6.91138E+12
Lewishaven,4/27/19 2:28,14.01,6.52498E+12
North Richardhaven,1/28/19 23:31,21.85,3.77662E+12
New Raymond,3/8/19 17:43,34.45,8.89571E+12
South Teresa,4/19/19 7:57,17.27,6.6817E+12
Lake Ann,5/7/19 20:40,24.89,7.35679E+12
West Kimmouth,1/13/19 20:10,19.47,6.50488E+12
East Marymouth,4/12/19 6:51,33.18,9.39326E+12
North Jeffrey,2/28/19 8:46,31.14,6.7957E+12
Myersshire,1/26/19 11:16,49.22,1.97393E+12
Williamsonville,1/17/19 1:26,28.65,6.11493E+12
Victoriaport,1/20/19 17:06,38.74,1.20114E+11
West Hannah,4/19/19 21:55,24.58,2.15878E+12
Williamsonville,2/12/19 17:54,26.49,8.22248E+12
Lake Omar,4/6/19 20:29,40.55,8.96999E+12
East Marymouth,4/2/19 1:04,20,9.37293E+12
Brandonfort,4/7/19 0:42,35.76,2.96585E+12
Lake Ann,1/15/19 19:40,28.15,3.60289E+12
Lake Robertside,1/23/19 0:24,46.83,3.57454E+12
Brandonfort,2/6/19 2:32,35.41,5.05322E+12
New Olivia,3/27/19 1:37,34.65,7.34528E+12
Veronicaberg,1/8/19 16:01,30.66,7.83873E+12
New Shannonberg,4/20/19 3:18,41.85,5.50909E+12
Grayville,3/14/19 23:10,25.12,3.75225E+12
South Teresa,3/12/19 5:26,23.46,8.44457E+11
South Brenda,2/19/19 12:50,29.37,6.76015E+11
Lewisland,1/7/19 17:32,17.57,3.76661E+12
Lake Robertside,2/5/19 3:17,21.45,3.67028E+12
West Hannah,2/18/19 14:27,40.22,8.80634E+12
West Kimmouth,2/8/19 21:11,27.93,6.52477E+11
East Marymouth,2/21/19 19:36,41.21,2.45224E+12
Grayville,2/13/19 6:07,48.59,4.96495E+12
New Olivia,3/5/19 22:01,19.21,8.45979E+12
North Timothy,4/29/19 23:10,29.39,6.60934E+12
East Kentstad,1/26/19 4:48,39.19,9.30935E+12
East Danielview,4/19/19 10:36,28.28,1.49456E+11
Veronicaberg,2/5/19 20:42,46.91,3.27189E+12
West Hannah,2/6/19 20:06,18.33,1.40449E+12
West Hannah,2/16/19 20:00,20.35,7.96086E+12
Port Shane,3/17/19 5:25,20.74,7.22872E+12
East Marymouth,3/6/19 14:00,35.95,5.14728E+12
Veronicaberg,4/25/19 18:21,24.51,6.52896E+12
Lewisland,1/25/19 11:35,44.61,7.55798E+12
West Kimmouth,3/16/19 18:10,35.36,6.75829E+12
North Timothy,4/20/19 7:06,46.24,2.78545E+12
New Olivia,1/27/19 12:15,46.97,3.2007E+12
West Hannah,3/25/19 2:14,40.11,4.49637E+12
Lake Ann,1/24/19 6:29,32.31,2.98517E+12
Myersshire,3/15/19 8:22,15.71,2.81357E+12
New Raymond,2/28/19 7:10,17.09,4.63337E+12
South Teresa,2/12/19 2:44,33.19,7.57892E+11
North Timothy,1/22/19 2:35,48.45,5.69683E+12
East Danielview,4/7/19 6:31,18.98,6.29412E+12
Lake Scott,1/30/19 2:27,48.78,1.36238E+12
Grayville,4/14/19 21:00,49.85,9.37012E+12
South Teresa,3/25/19 1:20,17.99,7.61376E+12
Lake Robertside,4/1/19 3:17,28.07,1.6774E+12
Barronchester,3/2/19 23:36,36.49,4.03157E+12
Nicolechester,5/2/19 19:48,23.06,5.82838E+12
Lewishaven,1/15/19 15:04,22.44,9.66134E+12
Lake Omar,2/26/19 11:53,12.49,4.14493E+12
Victoriaport,1/23/19 19:59,27.09,3.32811E+11
Williamsonville,3/19/19 8:30,44.85,9.12022E+12
South Brenda,1/3/19 21:29,19.99,5.34802E+12
New Olivia,1/25/19 12:12,39.12,7.57471E+12
New Raymond,5/3/19 8:35,13.36,8.61049E+12
West Kimmouth,2/6/19 0:42,13.59,8.83791E+12
West Hannah,5/5/19 7:51,36.08,1.86598E+12
East Aaronbury,4/19/19 17:18,29.27,7.20171E+12
Lewisland,3/10/19 2:11,40.27,6.28444E+12
North Timothy,1/14/19 16:59,15.06,1.23675E+12
Rodriguezview,2/15/19 10:47,45.4,5.20469E+11
North Jeffrey,3/7/19 2:57,29.34,2.59227E+12
Josephside,2/22/19 14:39,16.97,1.75796E+12
Grayville,1/3/19 13:04,12.6,8.66343E+12
West Kimmouth,3/7/19 22:30,29.43,7.6803E+12
Davidfurt,3/26/19 4:20,28.69,5.1035E+12
South Brenda,1/16/19 3:08,20.27,3.31823E+12
North Timothy,1/17/19 20:12,40.87,1506044208
North Richardhaven,3/14/19 0:49,13.09,5.41369E+12
New Raymond,3/17/19 4:31,18.09,5.03486E+12
North Jeffrey,2/28/19 5:55,46.4,7.54697E+12
Lake Scott,2/18/19 1:12,38.47,1.40263E+12
Colemanland,1/1/19 0:46,47.74,2.21591E+12
Lake Robertside,3/27/19 8:12,29.07,2.04476E+12
West Hannah,1/27/19 19:15,22.42,3.20438E+12
Bethanyland,2/11/19 17:43,23.06,4.37474E+12
Bethanyland,5/3/19 4:50,40.85,6.70064E+12
New Olivia,4/10/19 6:25,30.41,7.89464E+12
North Timothy,2/25/19 0:01,22.27,8.60443E+12
West Kimmouth,1/17/19 9:19,24.22,8.37624E+12
Lewishaven,3/2/19 7:48,33.22,8.10002E+11
Grayville,2/18/19 10:30,12.55,9.99956E+11
East Marymouth,5/4/19 23:18,39.07,4.4593E+12
Davidfurt,3/15/19 5:02,48.34,2.4061E+12
Sotoville,1/1/19 2:07,24.07,7.82743E+12
Mezachester,4/29/19 16:20,28.43,7.2853E+12
Veronicaberg,1/20/19 5:00,22.02,4.11034E+12
Lewishaven,1/2/19 17:52,20.68,8.8438E+12
Josephside,3/19/19 17:33,37.42,6.75844E+12
West Kimmouth,4/5/19 11:36,28.07,3.8669E+12
New Raymond,3/6/19 17:11,15.53,6.11832E+12
Barronchester,4/7/19 14:43,21.95,9.35581E+12
South Teresa,2/24/19 16:51,48.8,8.24317E+12
Lake Robertside,1/14/19 19:24,21.46,2.93261E+12
Josephside,2/7/19 20:52,15.98,6.78892E+12
West Hannah,2/17/19 17:21,12.6,2.7285E+12
South Brenda,3/23/19 2:01,40.53,2.61964E+12
Williamsonville,2/19/19 7:48,22.23,1.78416E+12
New Raymond,1/7/19 10:02,28.74,4.25285E+12
Brandonfort,1/11/19 16:25,37.35,8.70194E+12
Colemanland,2/21/19 22:04,30.97,4.04653E+12
South Teresa,4/19/19 20:01,34.93,9.23316E+12
Myersshire,3/25/19 8:26,18.16,2.36425E+12
East Danielview,3/2/19 2:47,14.32,2.1061E+12
West Hannah,4/23/19 4:56,47.08,6.28059E+12
Nicolechester,1/7/19 10:41,27.44,1.91836E+12
Barronchester,2/18/19 18:35,42.32,3.49352E+12
North Timothy,5/7/19 14:00,26.3,4.90517E+12
East Aaronbury,4/8/19 18:59,21.29,6.30561E+11
Bethanyland,3/26/19 18:27,24.27,7.24723E+12
East Danielview,5/3/19 18:09,48.24,3.3281E+12
New Olivia,1/3/19 9:58,38.31,93262977180
Rodriguezview,1/9/19 11:55,29.19,38504866921
Victoriaport,2/27/19 17:13,44.91,6.92663E+12
North Jeffrey,1/23/19 23:42,27.11,6.33205E+12
New Olivia,2/6/19 20:39,13.03,1.37741E+12
East Danielview,2/28/19 20:26,42.71,2.32233E+12
Bethanyland,2/18/19 9:31,38.8,9.38223E+12
Colemanland,2/1/19 20:59,16.11,7.60029E+12
Grayville,2/26/19 12:59,12.64,5.43831E+11
Nicolechester,3/14/19 1:22,47.93,4.42338E+12
Bethanyland,2/3/19 5:47,22.82,9.67569E+12
Nicolechester,1/12/19 22:48,30.79,9.52338E+12
Port Shane,4/24/19 10:06,45.92,5.38891E+12
Brandonfort,5/3/19 2:01,41.62,3.18313E+12
West Kimmouth,4/15/19 19:22,27.16,8.18072E+12
Williamsonville,1/30/19 5:20,36.81,8.08567E+12
Josephside,4/2/19 12:23,49.33,4.82647E+11
Josephside,2/17/19 23:01,38.24,1.24677E+12
Mezachester,4/1/19 0:02,24.4,8.95952E+12
Josephside,1/18/19 10:21,14.75,6.14037E+12
North Richardhaven,4/4/19 21:05,23.79,1.14566E+12
Bethanyland,2/8/19 19:50,28.27,5.51853E+12
Lake Scott,1/24/19 19:21,47.83,6.81244E+12
East Danielview,2/19/19 4:44,31.72,7.45253E+12
East Aaronbury,2/24/19 16:37,36.88,9.77719E+12
Sotoville,3/28/19 19:16,34.03,3.99885E+12
Lewishaven,1/18/19 4:09,32.13,2.82058E+12
Josephside,4/1/19 3:46,23.73,6.1245E+12
Nicolechester,2/4/19 9:41,49.21,4.28043E+12
Josephside,3/7/19 2:22,39.17,6.54097E+12
East Kentstad,5/7/19 13:29,38.74,41356844955
Colemanland,2/28/19 21:02,35.07,8.31333E+12
Lewishaven,2/22/19 14:40,20.35,3.26261E+12
Lake Robertside,4/2/19 8:53,21.31,4.62757E+12
Lake Scott,3/16/19 23:48,28.99,6.20094E+12
Josephside,5/2/19 15:30,21.33,6.69796E+12
South Brenda,2/19/19 18:08,45.55,1.08908E+12
Williamsonville,1/14/19 7:33,40.72,7.26212E+12
Colemanland,2/26/19 17:44,32.7,7.01549E+12
New Olivia,3/19/19 0:04,33.43,2.16378E+12
Lake Robertside,3/12/19 6:05,31.23,3.34793E+12
Rodriguezview,5/1/19 9:45,26.92,1.69386E+12
Brandonfort,3/26/19 19:35,19.22,8.65846E+12
Victoriaport,2/24/19 7:58,45.66,3.82143E+12
North Richardhaven,1/20/19 5:13,20.89,6.06804E+12
Colemanland,4/29/19 7:09,34.77,3.00413E+11
Williamsonville,4/4/19 3:48,18.77,7.55468E+12
Barronchester,3/6/19 6:36,46.07,4.55352E+12
Lewisland,2/27/19 18:56,36.26,6.39214E+12
New Raymond,3/7/19 17:57,26.55,6.93053E+12
South Brenda,1/1/19 12:32,25.56,2.61354E+12
South Brenda,3/21/19 22:45,49.59,3.89294E+12
North Timothy,4/14/19 18:06,41.17,2.43823E+12
East Marymouth,5/6/19 22:39,34.12,9.2158E+12
Barronchester,3/26/19 18:27,30.32,1.77556E+12
Mezachester,2/16/19 17:34,29.25,9.835E+12
East Kentstad,4/19/19 14:47,44.82,7.4976E+11
East Marymouth,1/11/19 2:12,12.21,56113993388
East Marymouth,2/4/19 19:03,31.44,9.30907E+12
New Olivia,2/3/19 8:51,42.89,7.78115E+12
North Jeffrey,4/9/19 20:40,21.2,8.49076E+12
North Richardhaven,1/19/19 3:13,41.94,4.57841E+12
Lake Scott,5/5/19 5:58,18.48,7.98853E+12
West Kimmouth,5/1/19 9:07,23.69,1.24693E+12
Lewisland,2/21/19 23:06,23.3,7.49638E+12
Mezachester,1/13/19 15:21,23.83,5.27085E+12
Williamsonville,5/7/19 19:45,26.11,2.81673E+12
East Marymouth,4/4/19 10:59,23.38,8.03394E+12
Veronicaberg,5/7/19 13:31,42.48,3.34219E+12
Lewisland,3/28/19 1:32,43.77,7.96383E+12
Lewisland,2/6/19 20:33,33.22,5.52629E+12
Josephside,2/24/19 3:58,40.92,1.75388E+11
Bethanyland,3/17/19 20:29,44.81,4.17323E+12
North Richardhaven,2/7/19 0:21,12.58,1.42675E+12
West Kimmouth,3/9/19 2:23,35.3,5.03886E+12
Lake Robertside,3/14/19 19:44,35.79,8.73916E+12
New Shannonberg,2/18/19 11:25,21.66,8.77423E+12
North Jeffrey,1/14/19 8:29,25.02,4.71896E+12
Nicolechester,1/8/19 19:26,26.16,8.90381E+11
Williamsonville,3/6/19 3:55,25.69,8.75561E+11
Colemanland,4/23/19 17:09,16.1,3.62574E+12
West Hannah,4/2/19 16:29,33.41,3.05586E+11
South Brenda,1/16/19 13:20,47.66,4.35784E+12
Grayville,3/5/19 12:31,14.15,3.50358E+12
Port Shane,1/28/19 15:34,45.7,5.71797E+12
Veronicaberg,2/9/19 6:55,26.39,1.33283E+12
North Jeffrey,2/18/19 20:41,35.03,4.4807E+12
Nicolechester,2/10/19 16:40,37.22,3.46427E+12
Grayville,3/20/19 5:36,35.34,3.55075E+12
West Kimmouth,3/29/19 4:50,34.84,1.76961E+12
New Raymond,4/8/19 14:44,46.37,2.49397E+11
West Kimmouth,1/9/19 19:41,19.77,6.84129E+11
Brandonfort,1/10/19 11:10,40.2,9.84078E+12
Victoriaport,1/26/19 8:07,23.94,4.20032E+12
Port Shane,4/6/19 11:22,43.21,1.9145E+12
Brandonfort,3/13/19 23:19,21.62,9.83955E+12
North Jeffrey,1/10/19 19:17,33.85,8.08941E+12
New Shannonberg,4/20/19 10:09,46.8,5.91725E+11
Barronchester,3/20/19 18:52,35.09,4.84215E+12
Josephside,4/26/19 2:02,27.2,3.02737E+12
Rodriguezview,5/5/19 20:48,25.19,5.10654E+12
South Teresa,3/26/19 8:11,37.29,8.50175E+11
Port Shane,1/15/19 18:16,33.95,5.35562E+12
New Shannonberg,5/2/19 11:40,13.08,5.6481E+12
Rodriguezview,4/24/19 8:08,18.22,6.27133E+12
Lake Ann,2/16/19 7:08,39.8,1.71208E+12
Myersshire,4/15/19 0:07,32.13,6.92114E+12
Colemanland,4/22/19 7:16,31.43,8.42816E+12
Veronicaberg,1/11/19 16:25,31.26,8.82167E+12
Lewishaven,1/20/19 12:47,35,5.77226E+12
South Brenda,3/4/19 1:04,16.6,2.24159E+12
East Marymouth,1/23/19 6:04,24.91,5.9999E+12
Rodriguezview,4/28/19 0:56,26.61,4.83979E+12
Grayville,1/7/19 20:09,34.62,8.23837E+12
Nicolechester,3/8/19 15:28,31.71,5.15797E+12
Lake Scott,5/2/19 19:14,35.54,8.21897E+12
Rodriguezview,1/12/19 2:10,26.41,8.99334E+11
South Teresa,3/1/19 13:10,34.24,2.68712E+12
Lake Scott,1/24/19 8:27,23.8,8.22938E+12
South Brenda,1/28/19 11:55,30.98,5.99776E+12
South Brenda,1/5/19 14:49,47.38,2.88574E+12
Josephside,2/3/19 14:48,43.39,7.79497E+12
Myersshire,4/20/19 4:56,37.15,4.25308E+12
East Danielview,1/15/19 3:55,21.97,2.3248E+11
North Timothy,2/16/19 17:53,14.94,7.96424E+12
Sotoville,4/22/19 3:14,31.24,9.47486E+11
Grayville,1/25/19 10:17,39.35,6.10511E+12
Myersshire,4/30/19 10:54,41.25,5.29359E+12
Barronchester,1/9/19 9:01,38.57,1.24687E+12
Mezachester,1/2/19 16:22,47.07,8.98836E+12
East Marymouth,1/19/19 19:28,29.94,3.88682E+11
West Kimmouth,2/10/19 23:43,23.35,6.12096E+12
Veronicaberg,1/31/19 2:16,23.41,4.29992E+12
Josephside,4/10/19 10:56,32.26,5.71935E+12
Sotoville,4/27/19 19:45,28.84,9.91397E+12
Veronicaberg,1/18/19 18:40,44.05,1.68015E+12
Victoriaport,3/19/19 16:48,29.54,3.04973E+12
New Raymond,1/10/19 12:41,49.19,7.82715E+12
West Hannah,2/13/19 9:44,42.61,8.81326E+11
East Danielview,5/2/19 19:46,19.41,8.11909E+12
Veronicaberg,1/29/19 3:50,48.05,5.23295E+12
Davidfurt,2/3/19 13:58,33.84,7.1593E+12
Davidfurt,2/20/19 1:41,46.67,2.88213E+12
South Teresa,4/25/19 11:50,38.81,8.75807E+12
West Hannah,1/7/19 19:37,46.64,5.78857E+12
Lake Ann,3/30/19 17:23,23.87,5.12673E+12
Bethanyland,1/25/19 1:04,41.85,5.32729E+12
East Danielview,2/14/19 20:03,20.26,7.52786E+12
South Brenda,2/13/19 15:40,31.67,7.82461E+12
Colemanland,4/16/19 18:17,42.08,9.74604E+12
Davidfurt,4/6/19 15:38,17.99,8.57811E+12
Bethanyland,1/28/19 8:33,23.73,4.13245E+12
Sotoville,1/21/19 10:21,34.06,5.6975E+11
East Aaronbury,1/10/19 8:33,23.02,9.26542E+12
Colemanland,1/11/19 0:28,49.28,4.06453E+12
Lewishaven,4/27/19 7:18,18.56,4.91983E+12
Lake Omar,1/17/19 18:29,28.54,8.21283E+12
New Shannonberg,2/12/19 20:27,15.31,9.47627E+12
North Jeffrey,2/16/19 19:18,26.66,7.46905E+12
South Brenda,2/14/19 7:07,16.86,5.97645E+12
North Richardhaven,2/7/19 13:18,27.02,6.40777E+11
South Brenda,4/10/19 20:04,35.83,4.34284E+12
Grayville,1/20/19 19:11,24.53,6.94759E+12
Victoriaport,1/15/19 19:03,14.87,8.29884E+12
South Teresa,4/27/19 14:37,45.77,4.66093E+12
East Marymouth,4/23/19 14:20,33.66,8.23818E+12
Lake Omar,3/3/19 13:17,33.97,1.57056E+12
Lake Scott,2/18/19 11:38,47.37,2.72568E+12
Port Shane,2/16/19 17:52,22.81,8.25362E+12
Davidfurt,4/27/19 23:52,45.98,5.455E+12
Lake Ann,1/10/19 4:20,18.22,2.89588E+12
New Raymond,1/31/19 19:56,12.87,2.30062E+12
West Hannah,3/9/19 11:22,21.44,8.3286E+12
Port Shane,3/23/19 9:36,18.58,3.26138E+12
Barronchester,2/4/19 14:59,45.75,7.21653E+12
Davidfurt,2/12/19 10:07,49.55,3.63931E+12
Grayville,5/1/19 14:27,26.26,6.82274E+12
Lake Robertside,2/24/19 6:25,41.57,9.69893E+12
North Richardhaven,1/16/19 13:38,21.06,1.76436E+12
Lewisland,3/1/19 4:34,43.77,5.01347E+12
Mezachester,2/13/19 9:16,38.55,8.13338E+12
Sotoville,1/2/19 0:13,44.71,9.90388E+12
Mezachester,4/19/19 9:25,17.51,1.7345E+12
South Teresa,4/15/19 8:06,23.06,6.61719E+12
Davidfurt,2/18/19 7:04,17.06,2.08406E+12
Lewisland,2/18/19 12:17,23.87,4.51327E+12
East Aaronbury,4/4/19 6:02,16.9,7.21704E+12
Mezachester,2/17/19 13:16,34.17,1.42135E+12
North Timothy,2/24/19 13:40,12.86,3.76466E+12
Veronicaberg,4/23/19 20:34,47.51,9.50712E+12
Lake Scott,3/16/19 18:07,20.1,5.40659E+12
New Raymond,3/19/19 17:37,28.19,3.97789E+12
Josephside,2/10/19 7:56,35.39,8.53682E+12
East Kentstad,3/18/19 11:45,33.83,6.26555E+11
Williamsonville,4/25/19 17:18,32.93,5.56442E+11
East Kentstad,4/12/19 15:21,17.26,8.43953E+12
New Olivia,3/22/19 5:00,24.8,4.46562E+12
Lake Ann,2/8/19 10:30,40.27,3.07966E+12
Lake Omar,3/29/19 20:14,14.77,6.60287E+12
Lake Omar,1/17/19 4:55,35.94,8.67508E+12
Josephside,2/28/19 11:07,41.18,2.44149E+12
East Kentstad,3/4/19 21:52,20.83,2.47007E+12
Williamsonville,3/22/19 3:05,38.41,1.33934E+12
Bethanyland,4/30/19 19:49,27.99,9.68219E+12
North Timothy,4/18/19 0:06,26.98,3.67836E+12
Lake Ann,3/13/19 5:28,45.43,3.35808E+11
Mezachester,4/14/19 2:15,15.17,8.11601E+12
New Shannonberg,4/17/19 20:06,39.47,6.59893E+12
West Kimmouth,3/24/19 21:04,49.96,5.9479E+12
New Raymond,2/1/19 4:56,35.6,2.2501E+11
East Danielview,5/4/19 2:14,40.02,3.64076E+12
Brandonfort,4/19/19 5:52,44.24,1.39834E+12
New Olivia,4/10/19 23:05,48.31,4.54321E+12
Myersshire,2/15/19 13:31,40.6,5.02301E+12
Davidfurt,2/1/19 4:21,20.44,1.85974E+11
Port Shane,2/16/19 3:35,29.99,3.15424E+12
South Brenda,3/8/19 11:06,41.85,6.40043E+12
New Shannonberg,2/26/19 18:56,24.28,5.55904E+11
Lake Scott,2/2/19 5:37,26.45,1.38058E+12
Rodriguezview,2/19/19 8:21,42.1,4.26353E+12
Lake Robertside,3/30/19 0:54,16.53,30234681362
Veronicaberg,3/28/19 11:03,26.01,5.59078E+12
Colemanland,2/16/19 3:51,15.04,4.02729E+12
Myersshire,4/24/19 8:51,26.84,3.89315E+11
New Olivia,5/7/19 2:49,15.41,4.67903E+12
Nicolechester,3/8/19 16:35,26.12,1.5339E+12
South Brenda,4/26/19 23:15,33.74,1.47299E+12
South Teresa,2/23/19 16:30,26.28,7.86503E+12
North Timothy,2/19/19 14:30,22.97,8.11551E+12
Davidfurt,2/3/19 3:14,40.18,8.11698E+12
East Danielview,4/16/19 21:06,42.94,7.30379E+12
Brandonfort,3/16/19 20:49,19.23,4.3587E+12
Lake Robertside,1/23/19 0:46,14.29,2.34289E+12
South Brenda,4/27/19 7:34,30.28,7.027E+12
South Teresa,1/20/19 8:25,30.37,9.59221E+12
East Danielview,3/4/19 4:10,17.89,7.64021E+12
New Shannonberg,5/2/19 21:53,28.99,3.40781E+12
Barronchester,4/28/19 11:49,39.19,9.91774E+12
Barronchester,3/19/19 19:18,46.42,2.88714E+12
West Hannah,2/22/19 23:29,23.36,8.1796E+12
Nicolechester,4/28/19 17:38,34.87,5.10194E+12
Lake Robertside,2/10/19 15:11,20.98,7.33465E+12
Colemanland,2/10/19 3:12,35.76,8.31309E+12
Bethanyland,4/17/19 22:37,28.68,3.15094E+12
East Marymouth,4/9/19 1:04,29.03,8.44287E+12
Rodriguezview,4/22/19 20:56,44.68,1.13954E+12
Colemanland,2/19/19 2:23,23.45,1.22468E+12
Lake Omar,4/13/19 23:28,25.61,3.66779E+12
Davidfurt,4/18/19 15:43,47.3,8.28934E+12
Davidfurt,4/3/19 17:52,21.29,3.93429E+12
New Raymond,3/28/19 14:25,14.75,7.75063E+11
Lake Scott,2/2/19 14:18,17.55,3.94737E+12
Lake Scott,2/22/19 6:26,37.51,2.59185E+12
West Kimmouth,2/2/19 19:04,36.71,6.54813E+12
Davidfurt,5/7/19 14:38,13.05,1.12652E+11
Port Shane,3/27/19 11:55,28.8,4.39958E+12
Lake Ann,5/2/19 6:15,47.44,9.06613E+12
North Timothy,4/24/19 12:24,37.71,4.49908E+12
East Marymouth,2/24/19 18:02,27.38,5.22442E+12
Lake Robertside,1/25/19 21:44,48.81,6.51332E+12
Josephside,2/25/19 10:17,35.8,2.85109E+12
Lake Robertside,1/13/19 4:32,44.66,1.75734E+12
East Marymouth,3/22/19 21:54,14.13,6.50276E+12
South Teresa,1/13/19 15:30,20.93,6.76923E+12
Lake Robertside,4/27/19 6:20,28.29,9.59553E+12
Lake Robertside,4/7/19 6:35,46.5,5.12795E+12
Lake Omar,1/3/19 1:16,14.61,7.11723E+12
Bethanyland,3/23/19 21:53,40.07,6.35881E+11
West Kimmouth,4/29/19 2:04,31.59,8.39023E+12
Lewisland,2/11/19 9:00,30.56,5.32677E+12
Barronchester,4/2/19 19:38,28.55,9.11268E+12
Mezachester,5/7/19 15:34,44.87,6.58787E+12
Rodriguezview,4/7/19 3:41,13.71,4.66612E+12
Lewishaven,4/12/19 15:01,49.15,6.41139E+12
South Brenda,2/18/19 6:29,41.32,9.77307E+12
Lake Omar,4/15/19 16:39,45.64,3.8159E+12
Lewisland,1/30/19 14:09,46.7,9.37453E+12
Nicolechester,1/22/19 14:48,32.03,8.08525E+12
Lake Scott,1/11/19 0:04,23.44,8.55767E+12
Davidfurt,2/5/19 18:23,27.55,6.57488E+12
Port Shane,4/18/19 0:52,12.05,1.54679E+12
Bethanyland,3/14/19 9:47,44.31,5.7853E+11
South Teresa,3/8/19 5:29,42.68,6.55118E+12
Josephside,4/12/19 14:30,37.37,2.63269E+12
Myersshire,4/17/19 23:24,20.51,4.67005E+12
Victoriaport,2/6/19 16:28,45.86,6.84439E+12
Brandonfort,1/30/19 1:51,17.5,6.47722E+12
Bethanyland,3/15/19 13:10,39.66,9.76644E+12
East Marymouth,3/5/19 19:06,25.44,7.45116E+12
North Jeffrey,3/19/19 6:00,31.16,2.45874E+12
Victoriaport,1/29/19 4:04,35.5,2.1861E+12
Mezachester,1/15/19 4:53,16.6,3.35605E+12
Rodriguezview,2/14/19 1:59,30.39,9.18047E+12
West Hannah,2/23/19 11:22,23.5,7.79876E+12
Port Shane,3/17/19 0:39,47.75,1.41742E+12
Colemanland,1/22/19 10:21,46.43,3.16207E+12
Nicolechester,3/28/19 4:12,26.22,1.22825E+11
Josephside,1/2/19 7:26,33.57,8.53093E+12
Lewisland,1/23/19 18:17,26.69,4.36044E+12
South Teresa,2/11/19 15:07,28.64,3.21468E+11
West Kimmouth,2/18/19 11:53,49.38,1.63156E+12
Davidfurt,3/9/19 23:07,26.24,4.65249E+12
North Jeffrey,2/21/19 12:56,22.96,6.85385E+12
East Kentstad,4/10/19 20:44,21.38,9.07891E+12
Brandonfort,4/4/19 21:13,21.56,8.10843E+12
Lewishaven,3/29/19 7:24,14.21,1.26283E+11
East Danielview,4/26/19 8:14,40.76,2.97066E+12
Veronicaberg,4/2/19 3:59,16.63,4.52806E+12
Lake Omar,5/5/19 23:39,12.45,6.3841E+12
Lake Omar,4/13/19 7:09,24.9,9.45408E+12
Josephside,3/18/19 22:55,35.58,5.45261E+12
Port Shane,3/19/19 12:25,40.39,9.10341E+11
Rodriguezview,2/21/19 1:34,36.37,4.98477E+12
East Kentstad,1/10/19 11:15,24.65,7.20195E+12
Brandonfort,3/3/19 4:25,46.01,2.28616E+12
North Timothy,3/17/19 8:33,45.33,1.75842E+12
North Richardhaven,3/19/19 5:25,18.01,2.80427E+12
East Danielview,2/4/19 11:01,38.38,2.52868E+12
Colemanland,4/5/19 5:23,43.91,3.89097E+11
East Marymouth,3/13/19 8:07,27.54,9.78379E+12
Lake Robertside,2/16/19 7:14,47.31,6.26738E+12
North Jeffrey,4/27/19 10:17,20.41,9.03067E+11
East Danielview,3/27/19 16:22,36,1.41074E+12
New Olivia,2/5/19 22:03,35.76,5.89479E+12
Lake Robertside,2/12/19 9:45,20.03,9.62634E+12
South Brenda,3/19/19 19:25,48.98,8.68564E+12
Josephside,4/24/19 10:29,42.58,1.06762E+12
West Kimmouth,3/5/19 22:04,48.2,321833677
Barronchester,4/5/19 14:12,33.5,91435348621
Bethanyland,3/6/19 10:01,13.86,8.57176E+12
Lake Omar,2/20/19 21:56,33.61,2.72136E+12
Williamsonville,4/28/19 19:35,16.96,9.63129E+12
Colemanland,1/19/19 15:24,24.4,6.65256E+12
Port Shane,1/30/19 20:43,49.52,8.26279E+12
West Kimmouth,3/13/19 14:50,18.72,9.38833E+12
Nicolechester,5/5/19 8:45,15.43,8.49665E+12
Mezachester,4/19/19 19:05,29.12,8.89499E+12
New Olivia,3/27/19 9:35,34.54,4.64297E+12
East Danielview,1/25/19 11:58,48.32,1.83167E+12
Brandonfort,4/15/19 4:12,47.17,7.38801E+12
Port Shane,4/3/19 22:33,15.59,1.27446E+11
Colemanland,5/4/19 4:24,12.62,4.90271E+12
South Teresa,3/5/19 19:18,32.29,4.98169E+12
South Brenda,4/25/19 7:08,23.6,1.78402E+12
East Aaronbury,4/11/19 3:24,34.4,6.54091E+12
Sotoville,3/13/19 16:06,14.36,8.62953E+12
West Hannah,1/21/19 19:54,41.95,16507766547
South Teresa,3/9/19 9:54,25.08,8.13631E+12
Bethanyland,4/2/19 4:29,34.38,1.78385E+12
West Hannah,3/2/19 17:06,13.92,7.38894E+12
Lake Robertside,4/3/19 3:27,12.76,1.30176E+12
Colemanland,1/10/19 6:49,27.7,8.70407E+12
East Marymouth,2/12/19 23:18,47.41,7.40966E+12
New Raymond,2/11/19 17:28,17.97,7.55167E+12
Randallchester,4/13/19 11:13,43.22,1.07608E+12
North Holly,2/2/19 14:54,12.42,1.98526E+12
Michaelberg,3/27/19 18:27,54.85,4.42184E+12
Lake Latoyabury,2/23/19 21:12,47.9,3.26965E+12
Lake Latoyabury,5/6/19 8:57,51.8,4.01803E+12
Taylorhaven,4/6/19 1:01,45.31,2.27536E+12
Garzaport,2/18/19 18:27,36.16,2.92834E+12
New Ryantown,1/27/19 17:33,42.68,7.9946E+12
Lake Latoyabury,4/2/19 21:00,13.46,8.23286E+12
North Holly,2/16/19 17:02,39.46,4.57148E+12
Bradshawfurt,3/6/19 21:44,19.74,6.08037E+12
South Marychester,2/19/19 0:23,32.72,1.48175E+12
Bradshawfurt,3/24/19 18:53,57.51,2.302E+12
Lake Latoyabury,1/22/19 12:42,13.5,8.49334E+12
South Marychester,1/2/19 11:18,52.12,3.45402E+12
Jessicaport,1/1/19 9:45,43.69,2.42488E+12
South Jennifer,4/1/19 9:32,21.63,9.13598E+12
South Marychester,2/21/19 19:16,55.4,8.82236E+12
South Saramouth,2/20/19 16:32,44.29,3.62237E+12
Lake Latoyabury,4/22/19 16:56,38.46,1.67192E+12
Lake Jamie,3/13/19 6:41,26.09,1.59916E+12
Newtonview,1/8/19 6:19,19.39,5.35035E+12
Michaelberg,1/18/19 0:46,15.12,1.0317E+12
Jessicaport,1/14/19 7:09,18.05,5.40536E+12
South Marychester,1/15/19 21:44,30.26,3.83706E+12
North Jaime,3/6/19 9:09,44.17,1.1522E+12
Penaborough,2/24/19 0:44,21.89,2.06931E+12
North Jaime,3/12/19 13:05,23.21,5.98745E+12
Lake Latoyabury,4/16/19 21:12,24.1,4.89603E+12
South Jennifer,3/7/19 19:10,48.79,9.73063E+12
Taylorhaven,3/5/19 21:19,38.18,8.55532E+12
Jessicaport,4/13/19 16:08,39.89,6.51124E+12
South Marychester,3/27/19 12:07,34.42,4.23015E+12
Penaborough,4/27/19 6:02,38.33,5.47014E+11
New Ryantown,4/18/19 19:43,42.97,2.30914E+11
North Jaime,4/4/19 13:13,51.83,9.11605E+12
Harringtonfort,1/6/19 7:38,47.33,3.84975E+12
South Jennifer,4/5/19 14:35,32.2,6.83984E+11
North Holly,1/4/19 3:31,24.88,4.19562E+12
Newtonview,2/5/19 22:53,45.02,7.07537E+12
Randallchester,2/19/19 3:52,58.55,8.0048E+12
Bradshawfurt,3/24/19 7:34,19.89,7.8674E+12
South Marychester,2/25/19 19:06,54.66,3.13756E+12
Bradshawfurt,2/18/19 22:21,34.32,8.882E+12
Bradshawfurt,4/8/19 13:46,55.19,1.74295E+12
Jessicaport,3/18/19 16:59,33.72,3.04689E+12
Michaelberg,3/27/19 21:48,38.62,3.64152E+11
West Heather,3/12/19 4:22,26.55,7.03585E+12
Garzaport,4/17/19 1:48,17.31,6.09241E+12
North Jaime,2/1/19 8:59,17.05,9.48112E+12
New Ryantown,2/4/19 23:54,45.7,3.57043E+12
North Holly,4/21/19 21:14,18.54,6.25909E+12
West Heather,2/22/19 9:01,17.4,8.70249E+12
Taylorhaven,4/3/19 5:41,38.92,8.30045E+12
Bradshawfurt,4/7/19 21:12,49.7,5.08881E+12
Michaelberg,1/11/19 4:39,16.42,8.80056E+12
Michaelberg,4/22/19 17:28,19.27,26848733115
North Holly,3/28/19 0:12,35.45,3.26249E+12
North Jaime,5/6/19 0:58,41.18,7.32809E+12
North Jaime,4/4/19 1:58,43.86,8.19544E+12
South Marychester,4/23/19 12:21,25.94,2.93662E+12
North Holly,1/23/19 6:52,40.24,3.92187E+12
Michaelberg,5/2/19 11:57,52.71,5.64953E+12
West Heather,2/22/19 1:46,33.38,5.55169E+12
Bradshawfurt,2/23/19 12:00,37.05,2.06842E+12
Penaborough,1/14/19 15:58,54.1,4.32926E+11
New Ryantown,4/30/19 1:50,50.81,5.35755E+12
Michaelberg,1/19/19 12:38,38.68,1.03218E+11
Taylorhaven,4/1/19 16:37,54.65,9.09806E+12
South Jennifer,4/2/19 10:26,14.11,3.82827E+12
Bradshawfurt,4/10/19 9:47,19.07,7.39305E+11
Taylorhaven,3/5/19 4:46,29.45,2.15938E+12
Harringtonfort,2/17/19 4:42,30.58,6.83514E+12
Randallchester,2/11/19 5:42,25.78,9.01061E+12
New Ryantown,4/5/19 21:38,50.98,4.83486E+12
Penaborough,2/3/19 17:15,51.8,5.38343E+12
South Jennifer,4/10/19 20:46,43.25,6.23929E+11
Lake Jamie,4/30/19 21:26,37.33,6.75548E+12
Harringtonfort,4/16/19 16:30,17.39,4.02396E+12
South Jennifer,1/30/19 1:40,37.05,9.54538E+12
Bradshawfurt,1/19/19 20:21,56.78,1.2534E+12
Jessicaport,5/1/19 8:14,22.44,3.72528E+12
Lake Latoyabury,3/29/19 9:11,13.84,7.90686E+12
Lake Jamie,1/18/19 7:36,43.57,1.17496E+12
Randallchester,3/25/19 13:36,10.37,3.21638E+12
Harringtonfort,3/10/19 10:11,19.02,6.71731E+12
Lake Latoyabury,1/24/19 13:32,34.74,5.96267E+12
Taylorhaven,4/2/19 9:17,47.07,8.57315E+12
South Jennifer,3/11/19 0:51,49.82,1.14534E+12
Harringtonfort,2/26/19 7:03,54.66,9.20159E+12
Newtonview,4/1/19 13:39,26.73,3.72353E+12
Michaelberg,3/10/19 10:05,56.48,3.75707E+12
Penaborough,1/22/19 15:36,10.11,4.12993E+12
Lake Latoyabury,4/14/19 7:06,11.94,2.04067E+12
North Jaime,4/27/19 17:58,14.01,2.15669E+12
West Heather,2/4/19 16:29,13.97,7.11889E+12
West Heather,4/18/19 19:33,46.6,3.671E+12
West Heather,3/2/19 21:04,20.99,5.76645E+12
South Saramouth,1/28/19 15:55,31.25,7.11805E+12
West Heather,3/6/19 20:06,48.11,2.57055E+12
Garzaport,5/6/19 16:57,18.9,8.8267E+12
South Saramouth,3/27/19 21:07,11.87,1.70352E+11
Randallchester,4/7/19 23:42,10.79,1.61547E+12
Harringtonfort,1/9/19 15:30,31.84,3.73069E+12
South Saramouth,4/12/19 18:11,57.23,5.0812E+12
North Holly,1/3/19 19:51,19.9,5.55951E+12
New Ryantown,5/5/19 19:29,26.53,2.30221E+12
West Heather,2/2/19 6:28,53.07,2.46295E+12
Lake Latoyabury,2/25/19 4:10,16.18,8.49292E+12
South Marychester,1/19/19 11:40,49.44,90058815985
Jessicaport,1/31/19 17:57,58.29,6.23155E+11
Michaelberg,3/22/19 22:20,38.3,8.03273E+12
North Holly,4/18/19 19:26,30.94,3.44106E+12
Michaelberg,3/13/19 14:40,37.72,8.84261E+12
Lake Jamie,2/25/19 23:46,28.65,5.81576E+12
Lake Jamie,4/19/19 4:32,16.29,3.51868E+12
North Holly,3/18/19 10:38,40.34,3.78778E+12
Michaelberg,1/27/19 18:43,38.42,8.62622E+11
Lake Jamie,4/29/19 1:58,54.22,2.48926E+12
Bradshawfurt,1/30/19 10:55,51.39,1.32827E+12
Michaelberg,4/29/19 17:04,13.38,8.55037E+12
Lake Latoyabury,1/30/19 0:05,20.76,9.01873E+12
North Jaime,2/10/19 21:03,11.11,2.78134E+12
West Heather,5/7/19 19:22,44.94,4.25685E+12
Newtonview,4/25/19 10:20,55.84,9.99058E+12